Dim = 18
Support = 18

Elem = 36 36 36 36 36 36 36 36 36 36 36 36 36 36 36 36 36 36 
Type = 1 1 1 1 1 1 1 1 1 1 1 1 1 1 1 1 1 1 

a1.1 = 1 0 0 0 0 0 0 0 0 0 0 0 0 0 0 0 0 0 
a1.2 = 2 0 0 0 0 0 0 0 0 0 0 0 0 0 0 0 0 0 
a1.3 = 1 1 0 0 0 0 0 0 0 0 0 0 0 0 0 0 0 0 
a1.4 = 1 0 1 0 0 0 0 0 0 0 0 0 0 0 0 0 0 0 
a1.5 = 1 0 0 1 0 0 0 0 0 0 0 0 0 0 0 0 0 0 
a1.6 = 1 0 0 0 1 0 0 0 0 0 0 0 0 0 0 0 0 0 
a1.7 = 1 0 0 0 0 1 0 0 0 0 0 0 0 0 0 0 0 0 
a1.8 = 1 0 0 0 0 0 1 0 0 0 0 0 0 0 0 0 0 0 
a1.9 = 1 0 0 0 0 0 0 1 0 0 0 0 0 0 0 0 0 0 
a1.10 = 1 0 0 0 0 0 0 0 1 0 0 0 0 0 0 0 0 0 
a1.11 = 1 0 0 0 0 0 0 0 0 1 0 0 0 0 0 0 0 0 
a1.12 = 1 0 0 0 0 0 0 0 0 0 1 0 0 0 0 0 0 0 
a1.13 = 1 0 0 0 0 0 0 0 0 0 0 1 0 0 0 0 0 0 
a1.14 = 1 0 0 0 0 0 0 0 0 0 0 0 1 0 0 0 0 0 
a1.15 = 1 0 0 0 0 0 0 0 0 0 0 0 0 1 0 0 0 0 
a1.16 = 1 0 0 0 0 0 0 0 0 0 0 0 0 0 1 0 0 0 
a1.17 = 1 0 0 0 0 0 0 0 0 0 0 0 0 0 0 1 0 0 
a1.18 = 1 0 0 0 0 0 0 0 0 0 0 0 0 0 0 0 1 0 
a1.19 = 1 0 0 0 0 0 0 0 0 0 0 0 0 0 0 0 0 1 
a1.20 = 2 0 0 0 0 0 0 0 0 0 0 0 0 0 0 0 0 1 
a1.21 = 1 1 0 0 0 0 0 0 0 0 0 0 0 0 0 0 0 1 
a1.22 = 1 0 1 0 0 0 0 0 0 0 0 0 0 0 0 0 0 1 
a1.23 = 1 0 0 1 0 0 0 0 0 0 0 0 0 0 0 0 0 1 
a1.24 = 1 0 0 0 1 0 0 0 0 0 0 0 0 0 0 0 0 1 
a1.25 = 1 0 0 0 0 1 0 0 0 0 0 0 0 0 0 0 0 1 
a1.26 = 1 0 0 0 0 0 1 0 0 0 0 0 0 0 0 0 0 1 
a1.27 = 1 0 0 0 0 0 0 1 0 0 0 0 0 0 0 0 0 1 
a1.28 = 1 0 0 0 0 0 0 0 1 0 0 0 0 0 0 0 0 1 
a1.29 = 1 0 0 0 0 0 0 0 0 1 0 0 0 0 0 0 0 1 
a1.30 = 1 0 0 0 0 0 0 0 0 0 1 0 0 0 0 0 0 1 
a1.31 = 1 0 0 0 0 0 0 0 0 0 0 1 0 0 0 0 0 1 
a1.32 = 1 0 0 0 0 0 0 0 0 0 0 0 1 0 0 0 0 1 
a1.33 = 1 0 0 0 0 0 0 0 0 0 0 0 0 1 0 0 0 1 
a1.34 = 1 0 0 0 0 0 0 0 0 0 0 0 0 0 1 0 0 1 
a1.35 = 1 0 0 0 0 0 0 0 0 0 0 0 0 0 0 1 0 1 
a1.36 = 1 0 0 0 0 0 0 0 0 0 0 0 0 0 0 0 1 1 

a2.1 = 0 1 0 0 0 0 0 0 0 0 0 0 0 0 0 0 0 0 
a2.2 = 1 1 0 0 0 0 0 0 0 0 0 0 0 0 0 0 0 0 
a2.3 = 0 2 0 0 0 0 0 0 0 0 0 0 0 0 0 0 0 0 
a2.4 = 0 1 1 0 0 0 0 0 0 0 0 0 0 0 0 0 0 0 
a2.5 = 0 1 0 1 0 0 0 0 0 0 0 0 0 0 0 0 0 0 
a2.6 = 0 1 0 0 1 0 0 0 0 0 0 0 0 0 0 0 0 0 
a2.7 = 0 1 0 0 0 1 0 0 0 0 0 0 0 0 0 0 0 0 
a2.8 = 0 1 0 0 0 0 1 0 0 0 0 0 0 0 0 0 0 0 
a2.9 = 0 1 0 0 0 0 0 1 0 0 0 0 0 0 0 0 0 0 
a2.10 = 0 1 0 0 0 0 0 0 1 0 0 0 0 0 0 0 0 0 
a2.11 = 0 1 0 0 0 0 0 0 0 1 0 0 0 0 0 0 0 0 
a2.12 = 0 1 0 0 0 0 0 0 0 0 1 0 0 0 0 0 0 0 
a2.13 = 0 1 0 0 0 0 0 0 0 0 0 1 0 0 0 0 0 0 
a2.14 = 0 1 0 0 0 0 0 0 0 0 0 0 1 0 0 0 0 0 
a2.15 = 0 1 0 0 0 0 0 0 0 0 0 0 0 1 0 0 0 0 
a2.16 = 0 1 0 0 0 0 0 0 0 0 0 0 0 0 1 0 0 0 
a2.17 = 0 1 0 0 0 0 0 0 0 0 0 0 0 0 0 1 0 0 
a2.18 = 0 1 0 0 0 0 0 0 0 0 0 0 0 0 0 0 1 0 
a2.19 = 0 1 0 0 0 0 0 0 0 0 0 0 0 0 0 0 0 1 
a2.20 = 1 1 0 0 0 0 0 0 0 0 0 0 0 0 0 0 0 1 
a2.21 = 0 2 0 0 0 0 0 0 0 0 0 0 0 0 0 0 0 1 
a2.22 = 0 1 1 0 0 0 0 0 0 0 0 0 0 0 0 0 0 1 
a2.23 = 0 1 0 1 0 0 0 0 0 0 0 0 0 0 0 0 0 1 
a2.24 = 0 1 0 0 1 0 0 0 0 0 0 0 0 0 0 0 0 1 
a2.25 = 0 1 0 0 0 1 0 0 0 0 0 0 0 0 0 0 0 1 
a2.26 = 0 1 0 0 0 0 1 0 0 0 0 0 0 0 0 0 0 1 
a2.27 = 0 1 0 0 0 0 0 1 0 0 0 0 0 0 0 0 0 1 
a2.28 = 0 1 0 0 0 0 0 0 1 0 0 0 0 0 0 0 0 1 
a2.29 = 0 1 0 0 0 0 0 0 0 1 0 0 0 0 0 0 0 1 
a2.30 = 0 1 0 0 0 0 0 0 0 0 1 0 0 0 0 0 0 1 
a2.31 = 0 1 0 0 0 0 0 0 0 0 0 1 0 0 0 0 0 1 
a2.32 = 0 1 0 0 0 0 0 0 0 0 0 0 1 0 0 0 0 1 
a2.33 = 0 1 0 0 0 0 0 0 0 0 0 0 0 1 0 0 0 1 
a2.34 = 0 1 0 0 0 0 0 0 0 0 0 0 0 0 1 0 0 1 
a2.35 = 0 1 0 0 0 0 0 0 0 0 0 0 0 0 0 1 0 1 
a2.36 = 0 1 0 0 0 0 0 0 0 0 0 0 0 0 0 0 1 1 

a3.1 = 0 0 1 0 0 0 0 0 0 0 0 0 0 0 0 0 0 0 
a3.2 = 1 0 1 0 0 0 0 0 0 0 0 0 0 0 0 0 0 0 
a3.3 = 0 1 1 0 0 0 0 0 0 0 0 0 0 0 0 0 0 0 
a3.4 = 0 0 2 0 0 0 0 0 0 0 0 0 0 0 0 0 0 0 
a3.5 = 0 0 1 1 0 0 0 0 0 0 0 0 0 0 0 0 0 0 
a3.6 = 0 0 1 0 1 0 0 0 0 0 0 0 0 0 0 0 0 0 
a3.7 = 0 0 1 0 0 1 0 0 0 0 0 0 0 0 0 0 0 0 
a3.8 = 0 0 1 0 0 0 1 0 0 0 0 0 0 0 0 0 0 0 
a3.9 = 0 0 1 0 0 0 0 1 0 0 0 0 0 0 0 0 0 0 
a3.10 = 0 0 1 0 0 0 0 0 1 0 0 0 0 0 0 0 0 0 
a3.11 = 0 0 1 0 0 0 0 0 0 1 0 0 0 0 0 0 0 0 
a3.12 = 0 0 1 0 0 0 0 0 0 0 1 0 0 0 0 0 0 0 
a3.13 = 0 0 1 0 0 0 0 0 0 0 0 1 0 0 0 0 0 0 
a3.14 = 0 0 1 0 0 0 0 0 0 0 0 0 1 0 0 0 0 0 
a3.15 = 0 0 1 0 0 0 0 0 0 0 0 0 0 1 0 0 0 0 
a3.16 = 0 0 1 0 0 0 0 0 0 0 0 0 0 0 1 0 0 0 
a3.17 = 0 0 1 0 0 0 0 0 0 0 0 0 0 0 0 1 0 0 
a3.18 = 0 0 1 0 0 0 0 0 0 0 0 0 0 0 0 0 1 0 
a3.19 = 0 0 1 0 0 0 0 0 0 0 0 0 0 0 0 0 0 1 
a3.20 = 1 0 1 0 0 0 0 0 0 0 0 0 0 0 0 0 0 1 
a3.21 = 0 1 1 0 0 0 0 0 0 0 0 0 0 0 0 0 0 1 
a3.22 = 0 0 2 0 0 0 0 0 0 0 0 0 0 0 0 0 0 1 
a3.23 = 0 0 1 1 0 0 0 0 0 0 0 0 0 0 0 0 0 1 
a3.24 = 0 0 1 0 1 0 0 0 0 0 0 0 0 0 0 0 0 1 
a3.25 = 0 0 1 0 0 1 0 0 0 0 0 0 0 0 0 0 0 1 
a3.26 = 0 0 1 0 0 0 1 0 0 0 0 0 0 0 0 0 0 1 
a3.27 = 0 0 1 0 0 0 0 1 0 0 0 0 0 0 0 0 0 1 
a3.28 = 0 0 1 0 0 0 0 0 1 0 0 0 0 0 0 0 0 1 
a3.29 = 0 0 1 0 0 0 0 0 0 1 0 0 0 0 0 0 0 1 
a3.30 = 0 0 1 0 0 0 0 0 0 0 1 0 0 0 0 0 0 1 
a3.31 = 0 0 1 0 0 0 0 0 0 0 0 1 0 0 0 0 0 1 
a3.32 = 0 0 1 0 0 0 0 0 0 0 0 0 1 0 0 0 0 1 
a3.33 = 0 0 1 0 0 0 0 0 0 0 0 0 0 1 0 0 0 1 
a3.34 = 0 0 1 0 0 0 0 0 0 0 0 0 0 0 1 0 0 1 
a3.35 = 0 0 1 0 0 0 0 0 0 0 0 0 0 0 0 1 0 1 
a3.36 = 0 0 1 0 0 0 0 0 0 0 0 0 0 0 0 0 1 1 

a4.1 = 0 0 0 1 0 0 0 0 0 0 0 0 0 0 0 0 0 0 
a4.2 = 1 0 0 1 0 0 0 0 0 0 0 0 0 0 0 0 0 0 
a4.3 = 0 1 0 1 0 0 0 0 0 0 0 0 0 0 0 0 0 0 
a4.4 = 0 0 1 1 0 0 0 0 0 0 0 0 0 0 0 0 0 0 
a4.5 = 0 0 0 2 0 0 0 0 0 0 0 0 0 0 0 0 0 0 
a4.6 = 0 0 0 1 1 0 0 0 0 0 0 0 0 0 0 0 0 0 
a4.7 = 0 0 0 1 0 1 0 0 0 0 0 0 0 0 0 0 0 0 
a4.8 = 0 0 0 1 0 0 1 0 0 0 0 0 0 0 0 0 0 0 
a4.9 = 0 0 0 1 0 0 0 1 0 0 0 0 0 0 0 0 0 0 
a4.10 = 0 0 0 1 0 0 0 0 1 0 0 0 0 0 0 0 0 0 
a4.11 = 0 0 0 1 0 0 0 0 0 1 0 0 0 0 0 0 0 0 
a4.12 = 0 0 0 1 0 0 0 0 0 0 1 0 0 0 0 0 0 0 
a4.13 = 0 0 0 1 0 0 0 0 0 0 0 1 0 0 0 0 0 0 
a4.14 = 0 0 0 1 0 0 0 0 0 0 0 0 1 0 0 0 0 0 
a4.15 = 0 0 0 1 0 0 0 0 0 0 0 0 0 1 0 0 0 0 
a4.16 = 0 0 0 1 0 0 0 0 0 0 0 0 0 0 1 0 0 0 
a4.17 = 0 0 0 1 0 0 0 0 0 0 0 0 0 0 0 1 0 0 
a4.18 = 0 0 0 1 0 0 0 0 0 0 0 0 0 0 0 0 1 0 
a4.19 = 0 0 0 1 0 0 0 0 0 0 0 0 0 0 0 0 0 1 
a4.20 = 1 0 0 1 0 0 0 0 0 0 0 0 0 0 0 0 0 1 
a4.21 = 0 1 0 1 0 0 0 0 0 0 0 0 0 0 0 0 0 1 
a4.22 = 0 0 1 1 0 0 0 0 0 0 0 0 0 0 0 0 0 1 
a4.23 = 0 0 0 2 0 0 0 0 0 0 0 0 0 0 0 0 0 1 
a4.24 = 0 0 0 1 1 0 0 0 0 0 0 0 0 0 0 0 0 1 
a4.25 = 0 0 0 1 0 1 0 0 0 0 0 0 0 0 0 0 0 1 
a4.26 = 0 0 0 1 0 0 1 0 0 0 0 0 0 0 0 0 0 1 
a4.27 = 0 0 0 1 0 0 0 1 0 0 0 0 0 0 0 0 0 1 
a4.28 = 0 0 0 1 0 0 0 0 1 0 0 0 0 0 0 0 0 1 
a4.29 = 0 0 0 1 0 0 0 0 0 1 0 0 0 0 0 0 0 1 
a4.30 = 0 0 0 1 0 0 0 0 0 0 1 0 0 0 0 0 0 1 
a4.31 = 0 0 0 1 0 0 0 0 0 0 0 1 0 0 0 0 0 1 
a4.32 = 0 0 0 1 0 0 0 0 0 0 0 0 1 0 0 0 0 1 
a4.33 = 0 0 0 1 0 0 0 0 0 0 0 0 0 1 0 0 0 1 
a4.34 = 0 0 0 1 0 0 0 0 0 0 0 0 0 0 1 0 0 1 
a4.35 = 0 0 0 1 0 0 0 0 0 0 0 0 0 0 0 1 0 1 
a4.36 = 0 0 0 1 0 0 0 0 0 0 0 0 0 0 0 0 1 1 

a5.1 = 0 0 0 0 1 0 0 0 0 0 0 0 0 0 0 0 0 0 
a5.2 = 1 0 0 0 1 0 0 0 0 0 0 0 0 0 0 0 0 0 
a5.3 = 0 1 0 0 1 0 0 0 0 0 0 0 0 0 0 0 0 0 
a5.4 = 0 0 1 0 1 0 0 0 0 0 0 0 0 0 0 0 0 0 
a5.5 = 0 0 0 1 1 0 0 0 0 0 0 0 0 0 0 0 0 0 
a5.6 = 0 0 0 0 2 0 0 0 0 0 0 0 0 0 0 0 0 0 
a5.7 = 0 0 0 0 1 1 0 0 0 0 0 0 0 0 0 0 0 0 
a5.8 = 0 0 0 0 1 0 1 0 0 0 0 0 0 0 0 0 0 0 
a5.9 = 0 0 0 0 1 0 0 1 0 0 0 0 0 0 0 0 0 0 
a5.10 = 0 0 0 0 1 0 0 0 1 0 0 0 0 0 0 0 0 0 
a5.11 = 0 0 0 0 1 0 0 0 0 1 0 0 0 0 0 0 0 0 
a5.12 = 0 0 0 0 1 0 0 0 0 0 1 0 0 0 0 0 0 0 
a5.13 = 0 0 0 0 1 0 0 0 0 0 0 1 0 0 0 0 0 0 
a5.14 = 0 0 0 0 1 0 0 0 0 0 0 0 1 0 0 0 0 0 
a5.15 = 0 0 0 0 1 0 0 0 0 0 0 0 0 1 0 0 0 0 
a5.16 = 0 0 0 0 1 0 0 0 0 0 0 0 0 0 1 0 0 0 
a5.17 = 0 0 0 0 1 0 0 0 0 0 0 0 0 0 0 1 0 0 
a5.18 = 0 0 0 0 1 0 0 0 0 0 0 0 0 0 0 0 1 0 
a5.19 = 0 0 0 0 1 0 0 0 0 0 0 0 0 0 0 0 0 1 
a5.20 = 1 0 0 0 1 0 0 0 0 0 0 0 0 0 0 0 0 1 
a5.21 = 0 1 0 0 1 0 0 0 0 0 0 0 0 0 0 0 0 1 
a5.22 = 0 0 1 0 1 0 0 0 0 0 0 0 0 0 0 0 0 1 
a5.23 = 0 0 0 1 1 0 0 0 0 0 0 0 0 0 0 0 0 1 
a5.24 = 0 0 0 0 2 0 0 0 0 0 0 0 0 0 0 0 0 1 
a5.25 = 0 0 0 0 1 1 0 0 0 0 0 0 0 0 0 0 0 1 
a5.26 = 0 0 0 0 1 0 1 0 0 0 0 0 0 0 0 0 0 1 
a5.27 = 0 0 0 0 1 0 0 1 0 0 0 0 0 0 0 0 0 1 
a5.28 = 0 0 0 0 1 0 0 0 1 0 0 0 0 0 0 0 0 1 
a5.29 = 0 0 0 0 1 0 0 0 0 1 0 0 0 0 0 0 0 1 
a5.30 = 0 0 0 0 1 0 0 0 0 0 1 0 0 0 0 0 0 1 
a5.31 = 0 0 0 0 1 0 0 0 0 0 0 1 0 0 0 0 0 1 
a5.32 = 0 0 0 0 1 0 0 0 0 0 0 0 1 0 0 0 0 1 
a5.33 = 0 0 0 0 1 0 0 0 0 0 0 0 0 1 0 0 0 1 
a5.34 = 0 0 0 0 1 0 0 0 0 0 0 0 0 0 1 0 0 1 
a5.35 = 0 0 0 0 1 0 0 0 0 0 0 0 0 0 0 1 0 1 
a5.36 = 0 0 0 0 1 0 0 0 0 0 0 0 0 0 0 0 1 1 

a6.1 = 0 0 0 0 0 1 0 0 0 0 0 0 0 0 0 0 0 0 
a6.2 = 1 0 0 0 0 1 0 0 0 0 0 0 0 0 0 0 0 0 
a6.3 = 0 1 0 0 0 1 0 0 0 0 0 0 0 0 0 0 0 0 
a6.4 = 0 0 1 0 0 1 0 0 0 0 0 0 0 0 0 0 0 0 
a6.5 = 0 0 0 1 0 1 0 0 0 0 0 0 0 0 0 0 0 0 
a6.6 = 0 0 0 0 1 1 0 0 0 0 0 0 0 0 0 0 0 0 
a6.7 = 0 0 0 0 0 2 0 0 0 0 0 0 0 0 0 0 0 0 
a6.8 = 0 0 0 0 0 1 1 0 0 0 0 0 0 0 0 0 0 0 
a6.9 = 0 0 0 0 0 1 0 1 0 0 0 0 0 0 0 0 0 0 
a6.10 = 0 0 0 0 0 1 0 0 1 0 0 0 0 0 0 0 0 0 
a6.11 = 0 0 0 0 0 1 0 0 0 1 0 0 0 0 0 0 0 0 
a6.12 = 0 0 0 0 0 1 0 0 0 0 1 0 0 0 0 0 0 0 
a6.13 = 0 0 0 0 0 1 0 0 0 0 0 1 0 0 0 0 0 0 
a6.14 = 0 0 0 0 0 1 0 0 0 0 0 0 1 0 0 0 0 0 
a6.15 = 0 0 0 0 0 1 0 0 0 0 0 0 0 1 0 0 0 0 
a6.16 = 0 0 0 0 0 1 0 0 0 0 0 0 0 0 1 0 0 0 
a6.17 = 0 0 0 0 0 1 0 0 0 0 0 0 0 0 0 1 0 0 
a6.18 = 0 0 0 0 0 1 0 0 0 0 0 0 0 0 0 0 1 0 
a6.19 = 0 0 0 0 0 1 0 0 0 0 0 0 0 0 0 0 0 1 
a6.20 = 1 0 0 0 0 1 0 0 0 0 0 0 0 0 0 0 0 1 
a6.21 = 0 1 0 0 0 1 0 0 0 0 0 0 0 0 0 0 0 1 
a6.22 = 0 0 1 0 0 1 0 0 0 0 0 0 0 0 0 0 0 1 
a6.23 = 0 0 0 1 0 1 0 0 0 0 0 0 0 0 0 0 0 1 
a6.24 = 0 0 0 0 1 1 0 0 0 0 0 0 0 0 0 0 0 1 
a6.25 = 0 0 0 0 0 2 0 0 0 0 0 0 0 0 0 0 0 1 
a6.26 = 0 0 0 0 0 1 1 0 0 0 0 0 0 0 0 0 0 1 
a6.27 = 0 0 0 0 0 1 0 1 0 0 0 0 0 0 0 0 0 1 
a6.28 = 0 0 0 0 0 1 0 0 1 0 0 0 0 0 0 0 0 1 
a6.29 = 0 0 0 0 0 1 0 0 0 1 0 0 0 0 0 0 0 1 
a6.30 = 0 0 0 0 0 1 0 0 0 0 1 0 0 0 0 0 0 1 
a6.31 = 0 0 0 0 0 1 0 0 0 0 0 1 0 0 0 0 0 1 
a6.32 = 0 0 0 0 0 1 0 0 0 0 0 0 1 0 0 0 0 1 
a6.33 = 0 0 0 0 0 1 0 0 0 0 0 0 0 1 0 0 0 1 
a6.34 = 0 0 0 0 0 1 0 0 0 0 0 0 0 0 1 0 0 1 
a6.35 = 0 0 0 0 0 1 0 0 0 0 0 0 0 0 0 1 0 1 
a6.36 = 0 0 0 0 0 1 0 0 0 0 0 0 0 0 0 0 1 1 

a7.1 = 0 0 0 0 0 0 1 0 0 0 0 0 0 0 0 0 0 0 
a7.2 = 1 0 0 0 0 0 1 0 0 0 0 0 0 0 0 0 0 0 
a7.3 = 0 1 0 0 0 0 1 0 0 0 0 0 0 0 0 0 0 0 
a7.4 = 0 0 1 0 0 0 1 0 0 0 0 0 0 0 0 0 0 0 
a7.5 = 0 0 0 1 0 0 1 0 0 0 0 0 0 0 0 0 0 0 
a7.6 = 0 0 0 0 1 0 1 0 0 0 0 0 0 0 0 0 0 0 
a7.7 = 0 0 0 0 0 1 1 0 0 0 0 0 0 0 0 0 0 0 
a7.8 = 0 0 0 0 0 0 2 0 0 0 0 0 0 0 0 0 0 0 
a7.9 = 0 0 0 0 0 0 1 1 0 0 0 0 0 0 0 0 0 0 
a7.10 = 0 0 0 0 0 0 1 0 1 0 0 0 0 0 0 0 0 0 
a7.11 = 0 0 0 0 0 0 1 0 0 1 0 0 0 0 0 0 0 0 
a7.12 = 0 0 0 0 0 0 1 0 0 0 1 0 0 0 0 0 0 0 
a7.13 = 0 0 0 0 0 0 1 0 0 0 0 1 0 0 0 0 0 0 
a7.14 = 0 0 0 0 0 0 1 0 0 0 0 0 1 0 0 0 0 0 
a7.15 = 0 0 0 0 0 0 1 0 0 0 0 0 0 1 0 0 0 0 
a7.16 = 0 0 0 0 0 0 1 0 0 0 0 0 0 0 1 0 0 0 
a7.17 = 0 0 0 0 0 0 1 0 0 0 0 0 0 0 0 1 0 0 
a7.18 = 0 0 0 0 0 0 1 0 0 0 0 0 0 0 0 0 1 0 
a7.19 = 0 0 0 0 0 0 1 0 0 0 0 0 0 0 0 0 0 1 
a7.20 = 1 0 0 0 0 0 1 0 0 0 0 0 0 0 0 0 0 1 
a7.21 = 0 1 0 0 0 0 1 0 0 0 0 0 0 0 0 0 0 1 
a7.22 = 0 0 1 0 0 0 1 0 0 0 0 0 0 0 0 0 0 1 
a7.23 = 0 0 0 1 0 0 1 0 0 0 0 0 0 0 0 0 0 1 
a7.24 = 0 0 0 0 1 0 1 0 0 0 0 0 0 0 0 0 0 1 
a7.25 = 0 0 0 0 0 1 1 0 0 0 0 0 0 0 0 0 0 1 
a7.26 = 0 0 0 0 0 0 2 0 0 0 0 0 0 0 0 0 0 1 
a7.27 = 0 0 0 0 0 0 1 1 0 0 0 0 0 0 0 0 0 1 
a7.28 = 0 0 0 0 0 0 1 0 1 0 0 0 0 0 0 0 0 1 
a7.29 = 0 0 0 0 0 0 1 0 0 1 0 0 0 0 0 0 0 1 
a7.30 = 0 0 0 0 0 0 1 0 0 0 1 0 0 0 0 0 0 1 
a7.31 = 0 0 0 0 0 0 1 0 0 0 0 1 0 0 0 0 0 1 
a7.32 = 0 0 0 0 0 0 1 0 0 0 0 0 1 0 0 0 0 1 
a7.33 = 0 0 0 0 0 0 1 0 0 0 0 0 0 1 0 0 0 1 
a7.34 = 0 0 0 0 0 0 1 0 0 0 0 0 0 0 1 0 0 1 
a7.35 = 0 0 0 0 0 0 1 0 0 0 0 0 0 0 0 1 0 1 
a7.36 = 0 0 0 0 0 0 1 0 0 0 0 0 0 0 0 0 1 1 

a8.1 = 0 0 0 0 0 0 0 1 0 0 0 0 0 0 0 0 0 0 
a8.2 = 1 0 0 0 0 0 0 1 0 0 0 0 0 0 0 0 0 0 
a8.3 = 0 1 0 0 0 0 0 1 0 0 0 0 0 0 0 0 0 0 
a8.4 = 0 0 1 0 0 0 0 1 0 0 0 0 0 0 0 0 0 0 
a8.5 = 0 0 0 1 0 0 0 1 0 0 0 0 0 0 0 0 0 0 
a8.6 = 0 0 0 0 1 0 0 1 0 0 0 0 0 0 0 0 0 0 
a8.7 = 0 0 0 0 0 1 0 1 0 0 0 0 0 0 0 0 0 0 
a8.8 = 0 0 0 0 0 0 1 1 0 0 0 0 0 0 0 0 0 0 
a8.9 = 0 0 0 0 0 0 0 2 0 0 0 0 0 0 0 0 0 0 
a8.10 = 0 0 0 0 0 0 0 1 1 0 0 0 0 0 0 0 0 0 
a8.11 = 0 0 0 0 0 0 0 1 0 1 0 0 0 0 0 0 0 0 
a8.12 = 0 0 0 0 0 0 0 1 0 0 1 0 0 0 0 0 0 0 
a8.13 = 0 0 0 0 0 0 0 1 0 0 0 1 0 0 0 0 0 0 
a8.14 = 0 0 0 0 0 0 0 1 0 0 0 0 1 0 0 0 0 0 
a8.15 = 0 0 0 0 0 0 0 1 0 0 0 0 0 1 0 0 0 0 
a8.16 = 0 0 0 0 0 0 0 1 0 0 0 0 0 0 1 0 0 0 
a8.17 = 0 0 0 0 0 0 0 1 0 0 0 0 0 0 0 1 0 0 
a8.18 = 0 0 0 0 0 0 0 1 0 0 0 0 0 0 0 0 1 0 
a8.19 = 0 0 0 0 0 0 0 1 0 0 0 0 0 0 0 0 0 1 
a8.20 = 1 0 0 0 0 0 0 1 0 0 0 0 0 0 0 0 0 1 
a8.21 = 0 1 0 0 0 0 0 1 0 0 0 0 0 0 0 0 0 1 
a8.22 = 0 0 1 0 0 0 0 1 0 0 0 0 0 0 0 0 0 1 
a8.23 = 0 0 0 1 0 0 0 1 0 0 0 0 0 0 0 0 0 1 
a8.24 = 0 0 0 0 1 0 0 1 0 0 0 0 0 0 0 0 0 1 
a8.25 = 0 0 0 0 0 1 0 1 0 0 0 0 0 0 0 0 0 1 
a8.26 = 0 0 0 0 0 0 1 1 0 0 0 0 0 0 0 0 0 1 
a8.27 = 0 0 0 0 0 0 0 2 0 0 0 0 0 0 0 0 0 1 
a8.28 = 0 0 0 0 0 0 0 1 1 0 0 0 0 0 0 0 0 1 
a8.29 = 0 0 0 0 0 0 0 1 0 1 0 0 0 0 0 0 0 1 
a8.30 = 0 0 0 0 0 0 0 1 0 0 1 0 0 0 0 0 0 1 
a8.31 = 0 0 0 0 0 0 0 1 0 0 0 1 0 0 0 0 0 1 
a8.32 = 0 0 0 0 0 0 0 1 0 0 0 0 1 0 0 0 0 1 
a8.33 = 0 0 0 0 0 0 0 1 0 0 0 0 0 1 0 0 0 1 
a8.34 = 0 0 0 0 0 0 0 1 0 0 0 0 0 0 1 0 0 1 
a8.35 = 0 0 0 0 0 0 0 1 0 0 0 0 0 0 0 1 0 1 
a8.36 = 0 0 0 0 0 0 0 1 0 0 0 0 0 0 0 0 1 1 

a9.1 = 0 0 0 0 0 0 0 0 1 0 0 0 0 0 0 0 0 0 
a9.2 = 1 0 0 0 0 0 0 0 1 0 0 0 0 0 0 0 0 0 
a9.3 = 0 1 0 0 0 0 0 0 1 0 0 0 0 0 0 0 0 0 
a9.4 = 0 0 1 0 0 0 0 0 1 0 0 0 0 0 0 0 0 0 
a9.5 = 0 0 0 1 0 0 0 0 1 0 0 0 0 0 0 0 0 0 
a9.6 = 0 0 0 0 1 0 0 0 1 0 0 0 0 0 0 0 0 0 
a9.7 = 0 0 0 0 0 1 0 0 1 0 0 0 0 0 0 0 0 0 
a9.8 = 0 0 0 0 0 0 1 0 1 0 0 0 0 0 0 0 0 0 
a9.9 = 0 0 0 0 0 0 0 1 1 0 0 0 0 0 0 0 0 0 
a9.10 = 0 0 0 0 0 0 0 0 2 0 0 0 0 0 0 0 0 0 
a9.11 = 0 0 0 0 0 0 0 0 1 1 0 0 0 0 0 0 0 0 
a9.12 = 0 0 0 0 0 0 0 0 1 0 1 0 0 0 0 0 0 0 
a9.13 = 0 0 0 0 0 0 0 0 1 0 0 1 0 0 0 0 0 0 
a9.14 = 0 0 0 0 0 0 0 0 1 0 0 0 1 0 0 0 0 0 
a9.15 = 0 0 0 0 0 0 0 0 1 0 0 0 0 1 0 0 0 0 
a9.16 = 0 0 0 0 0 0 0 0 1 0 0 0 0 0 1 0 0 0 
a9.17 = 0 0 0 0 0 0 0 0 1 0 0 0 0 0 0 1 0 0 
a9.18 = 0 0 0 0 0 0 0 0 1 0 0 0 0 0 0 0 1 0 
a9.19 = 0 0 0 0 0 0 0 0 1 0 0 0 0 0 0 0 0 1 
a9.20 = 1 0 0 0 0 0 0 0 1 0 0 0 0 0 0 0 0 1 
a9.21 = 0 1 0 0 0 0 0 0 1 0 0 0 0 0 0 0 0 1 
a9.22 = 0 0 1 0 0 0 0 0 1 0 0 0 0 0 0 0 0 1 
a9.23 = 0 0 0 1 0 0 0 0 1 0 0 0 0 0 0 0 0 1 
a9.24 = 0 0 0 0 1 0 0 0 1 0 0 0 0 0 0 0 0 1 
a9.25 = 0 0 0 0 0 1 0 0 1 0 0 0 0 0 0 0 0 1 
a9.26 = 0 0 0 0 0 0 1 0 1 0 0 0 0 0 0 0 0 1 
a9.27 = 0 0 0 0 0 0 0 1 1 0 0 0 0 0 0 0 0 1 
a9.28 = 0 0 0 0 0 0 0 0 2 0 0 0 0 0 0 0 0 1 
a9.29 = 0 0 0 0 0 0 0 0 1 1 0 0 0 0 0 0 0 1 
a9.30 = 0 0 0 0 0 0 0 0 1 0 1 0 0 0 0 0 0 1 
a9.31 = 0 0 0 0 0 0 0 0 1 0 0 1 0 0 0 0 0 1 
a9.32 = 0 0 0 0 0 0 0 0 1 0 0 0 1 0 0 0 0 1 
a9.33 = 0 0 0 0 0 0 0 0 1 0 0 0 0 1 0 0 0 1 
a9.34 = 0 0 0 0 0 0 0 0 1 0 0 0 0 0 1 0 0 1 
a9.35 = 0 0 0 0 0 0 0 0 1 0 0 0 0 0 0 1 0 1 
a9.36 = 0 0 0 0 0 0 0 0 1 0 0 0 0 0 0 0 1 1 

a10.1 = 0 0 0 0 0 0 0 0 0 1 0 0 0 0 0 0 0 0 
a10.2 = 1 0 0 0 0 0 0 0 0 1 0 0 0 0 0 0 0 0 
a10.3 = 0 1 0 0 0 0 0 0 0 1 0 0 0 0 0 0 0 0 
a10.4 = 0 0 1 0 0 0 0 0 0 1 0 0 0 0 0 0 0 0 
a10.5 = 0 0 0 1 0 0 0 0 0 1 0 0 0 0 0 0 0 0 
a10.6 = 0 0 0 0 1 0 0 0 0 1 0 0 0 0 0 0 0 0 
a10.7 = 0 0 0 0 0 1 0 0 0 1 0 0 0 0 0 0 0 0 
a10.8 = 0 0 0 0 0 0 1 0 0 1 0 0 0 0 0 0 0 0 
a10.9 = 0 0 0 0 0 0 0 1 0 1 0 0 0 0 0 0 0 0 
a10.10 = 0 0 0 0 0 0 0 0 1 1 0 0 0 0 0 0 0 0 
a10.11 = 0 0 0 0 0 0 0 0 0 2 0 0 0 0 0 0 0 0 
a10.12 = 0 0 0 0 0 0 0 0 0 1 1 0 0 0 0 0 0 0 
a10.13 = 0 0 0 0 0 0 0 0 0 1 0 1 0 0 0 0 0 0 
a10.14 = 0 0 0 0 0 0 0 0 0 1 0 0 1 0 0 0 0 0 
a10.15 = 0 0 0 0 0 0 0 0 0 1 0 0 0 1 0 0 0 0 
a10.16 = 0 0 0 0 0 0 0 0 0 1 0 0 0 0 1 0 0 0 
a10.17 = 0 0 0 0 0 0 0 0 0 1 0 0 0 0 0 1 0 0 
a10.18 = 0 0 0 0 0 0 0 0 0 1 0 0 0 0 0 0 1 0 
a10.19 = 0 0 0 0 0 0 0 0 0 1 0 0 0 0 0 0 0 1 
a10.20 = 1 0 0 0 0 0 0 0 0 1 0 0 0 0 0 0 0 1 
a10.21 = 0 1 0 0 0 0 0 0 0 1 0 0 0 0 0 0 0 1 
a10.22 = 0 0 1 0 0 0 0 0 0 1 0 0 0 0 0 0 0 1 
a10.23 = 0 0 0 1 0 0 0 0 0 1 0 0 0 0 0 0 0 1 
a10.24 = 0 0 0 0 1 0 0 0 0 1 0 0 0 0 0 0 0 1 
a10.25 = 0 0 0 0 0 1 0 0 0 1 0 0 0 0 0 0 0 1 
a10.26 = 0 0 0 0 0 0 1 0 0 1 0 0 0 0 0 0 0 1 
a10.27 = 0 0 0 0 0 0 0 1 0 1 0 0 0 0 0 0 0 1 
a10.28 = 0 0 0 0 0 0 0 0 1 1 0 0 0 0 0 0 0 1 
a10.29 = 0 0 0 0 0 0 0 0 0 2 0 0 0 0 0 0 0 1 
a10.30 = 0 0 0 0 0 0 0 0 0 1 1 0 0 0 0 0 0 1 
a10.31 = 0 0 0 0 0 0 0 0 0 1 0 1 0 0 0 0 0 1 
a10.32 = 0 0 0 0 0 0 0 0 0 1 0 0 1 0 0 0 0 1 
a10.33 = 0 0 0 0 0 0 0 0 0 1 0 0 0 1 0 0 0 1 
a10.34 = 0 0 0 0 0 0 0 0 0 1 0 0 0 0 1 0 0 1 
a10.35 = 0 0 0 0 0 0 0 0 0 1 0 0 0 0 0 1 0 1 
a10.36 = 0 0 0 0 0 0 0 0 0 1 0 0 0 0 0 0 1 1 

a11.1 = 0 0 0 0 0 0 0 0 0 0 1 0 0 0 0 0 0 0 
a11.2 = 1 0 0 0 0 0 0 0 0 0 1 0 0 0 0 0 0 0 
a11.3 = 0 1 0 0 0 0 0 0 0 0 1 0 0 0 0 0 0 0 
a11.4 = 0 0 1 0 0 0 0 0 0 0 1 0 0 0 0 0 0 0 
a11.5 = 0 0 0 1 0 0 0 0 0 0 1 0 0 0 0 0 0 0 
a11.6 = 0 0 0 0 1 0 0 0 0 0 1 0 0 0 0 0 0 0 
a11.7 = 0 0 0 0 0 1 0 0 0 0 1 0 0 0 0 0 0 0 
a11.8 = 0 0 0 0 0 0 1 0 0 0 1 0 0 0 0 0 0 0 
a11.9 = 0 0 0 0 0 0 0 1 0 0 1 0 0 0 0 0 0 0 
a11.10 = 0 0 0 0 0 0 0 0 1 0 1 0 0 0 0 0 0 0 
a11.11 = 0 0 0 0 0 0 0 0 0 1 1 0 0 0 0 0 0 0 
a11.12 = 0 0 0 0 0 0 0 0 0 0 2 0 0 0 0 0 0 0 
a11.13 = 0 0 0 0 0 0 0 0 0 0 1 1 0 0 0 0 0 0 
a11.14 = 0 0 0 0 0 0 0 0 0 0 1 0 1 0 0 0 0 0 
a11.15 = 0 0 0 0 0 0 0 0 0 0 1 0 0 1 0 0 0 0 
a11.16 = 0 0 0 0 0 0 0 0 0 0 1 0 0 0 1 0 0 0 
a11.17 = 0 0 0 0 0 0 0 0 0 0 1 0 0 0 0 1 0 0 
a11.18 = 0 0 0 0 0 0 0 0 0 0 1 0 0 0 0 0 1 0 
a11.19 = 0 0 0 0 0 0 0 0 0 0 1 0 0 0 0 0 0 1 
a11.20 = 1 0 0 0 0 0 0 0 0 0 1 0 0 0 0 0 0 1 
a11.21 = 0 1 0 0 0 0 0 0 0 0 1 0 0 0 0 0 0 1 
a11.22 = 0 0 1 0 0 0 0 0 0 0 1 0 0 0 0 0 0 1 
a11.23 = 0 0 0 1 0 0 0 0 0 0 1 0 0 0 0 0 0 1 
a11.24 = 0 0 0 0 1 0 0 0 0 0 1 0 0 0 0 0 0 1 
a11.25 = 0 0 0 0 0 1 0 0 0 0 1 0 0 0 0 0 0 1 
a11.26 = 0 0 0 0 0 0 1 0 0 0 1 0 0 0 0 0 0 1 
a11.27 = 0 0 0 0 0 0 0 1 0 0 1 0 0 0 0 0 0 1 
a11.28 = 0 0 0 0 0 0 0 0 1 0 1 0 0 0 0 0 0 1 
a11.29 = 0 0 0 0 0 0 0 0 0 1 1 0 0 0 0 0 0 1 
a11.30 = 0 0 0 0 0 0 0 0 0 0 2 0 0 0 0 0 0 1 
a11.31 = 0 0 0 0 0 0 0 0 0 0 1 1 0 0 0 0 0 1 
a11.32 = 0 0 0 0 0 0 0 0 0 0 1 0 1 0 0 0 0 1 
a11.33 = 0 0 0 0 0 0 0 0 0 0 1 0 0 1 0 0 0 1 
a11.34 = 0 0 0 0 0 0 0 0 0 0 1 0 0 0 1 0 0 1 
a11.35 = 0 0 0 0 0 0 0 0 0 0 1 0 0 0 0 1 0 1 
a11.36 = 0 0 0 0 0 0 0 0 0 0 1 0 0 0 0 0 1 1 

a12.1 = 0 0 0 0 0 0 0 0 0 0 0 1 0 0 0 0 0 0 
a12.2 = 1 0 0 0 0 0 0 0 0 0 0 1 0 0 0 0 0 0 
a12.3 = 0 1 0 0 0 0 0 0 0 0 0 1 0 0 0 0 0 0 
a12.4 = 0 0 1 0 0 0 0 0 0 0 0 1 0 0 0 0 0 0 
a12.5 = 0 0 0 1 0 0 0 0 0 0 0 1 0 0 0 0 0 0 
a12.6 = 0 0 0 0 1 0 0 0 0 0 0 1 0 0 0 0 0 0 
a12.7 = 0 0 0 0 0 1 0 0 0 0 0 1 0 0 0 0 0 0 
a12.8 = 0 0 0 0 0 0 1 0 0 0 0 1 0 0 0 0 0 0 
a12.9 = 0 0 0 0 0 0 0 1 0 0 0 1 0 0 0 0 0 0 
a12.10 = 0 0 0 0 0 0 0 0 1 0 0 1 0 0 0 0 0 0 
a12.11 = 0 0 0 0 0 0 0 0 0 1 0 1 0 0 0 0 0 0 
a12.12 = 0 0 0 0 0 0 0 0 0 0 1 1 0 0 0 0 0 0 
a12.13 = 0 0 0 0 0 0 0 0 0 0 0 2 0 0 0 0 0 0 
a12.14 = 0 0 0 0 0 0 0 0 0 0 0 1 1 0 0 0 0 0 
a12.15 = 0 0 0 0 0 0 0 0 0 0 0 1 0 1 0 0 0 0 
a12.16 = 0 0 0 0 0 0 0 0 0 0 0 1 0 0 1 0 0 0 
a12.17 = 0 0 0 0 0 0 0 0 0 0 0 1 0 0 0 1 0 0 
a12.18 = 0 0 0 0 0 0 0 0 0 0 0 1 0 0 0 0 1 0 
a12.19 = 0 0 0 0 0 0 0 0 0 0 0 1 0 0 0 0 0 1 
a12.20 = 1 0 0 0 0 0 0 0 0 0 0 1 0 0 0 0 0 1 
a12.21 = 0 1 0 0 0 0 0 0 0 0 0 1 0 0 0 0 0 1 
a12.22 = 0 0 1 0 0 0 0 0 0 0 0 1 0 0 0 0 0 1 
a12.23 = 0 0 0 1 0 0 0 0 0 0 0 1 0 0 0 0 0 1 
a12.24 = 0 0 0 0 1 0 0 0 0 0 0 1 0 0 0 0 0 1 
a12.25 = 0 0 0 0 0 1 0 0 0 0 0 1 0 0 0 0 0 1 
a12.26 = 0 0 0 0 0 0 1 0 0 0 0 1 0 0 0 0 0 1 
a12.27 = 0 0 0 0 0 0 0 1 0 0 0 1 0 0 0 0 0 1 
a12.28 = 0 0 0 0 0 0 0 0 1 0 0 1 0 0 0 0 0 1 
a12.29 = 0 0 0 0 0 0 0 0 0 1 0 1 0 0 0 0 0 1 
a12.30 = 0 0 0 0 0 0 0 0 0 0 1 1 0 0 0 0 0 1 
a12.31 = 0 0 0 0 0 0 0 0 0 0 0 2 0 0 0 0 0 1 
a12.32 = 0 0 0 0 0 0 0 0 0 0 0 1 1 0 0 0 0 1 
a12.33 = 0 0 0 0 0 0 0 0 0 0 0 1 0 1 0 0 0 1 
a12.34 = 0 0 0 0 0 0 0 0 0 0 0 1 0 0 1 0 0 1 
a12.35 = 0 0 0 0 0 0 0 0 0 0 0 1 0 0 0 1 0 1 
a12.36 = 0 0 0 0 0 0 0 0 0 0 0 1 0 0 0 0 1 1 

a13.1 = 0 0 0 0 0 0 0 0 0 0 0 0 1 0 0 0 0 0 
a13.2 = 1 0 0 0 0 0 0 0 0 0 0 0 1 0 0 0 0 0 
a13.3 = 0 1 0 0 0 0 0 0 0 0 0 0 1 0 0 0 0 0 
a13.4 = 0 0 1 0 0 0 0 0 0 0 0 0 1 0 0 0 0 0 
a13.5 = 0 0 0 1 0 0 0 0 0 0 0 0 1 0 0 0 0 0 
a13.6 = 0 0 0 0 1 0 0 0 0 0 0 0 1 0 0 0 0 0 
a13.7 = 0 0 0 0 0 1 0 0 0 0 0 0 1 0 0 0 0 0 
a13.8 = 0 0 0 0 0 0 1 0 0 0 0 0 1 0 0 0 0 0 
a13.9 = 0 0 0 0 0 0 0 1 0 0 0 0 1 0 0 0 0 0 
a13.10 = 0 0 0 0 0 0 0 0 1 0 0 0 1 0 0 0 0 0 
a13.11 = 0 0 0 0 0 0 0 0 0 1 0 0 1 0 0 0 0 0 
a13.12 = 0 0 0 0 0 0 0 0 0 0 1 0 1 0 0 0 0 0 
a13.13 = 0 0 0 0 0 0 0 0 0 0 0 1 1 0 0 0 0 0 
a13.14 = 0 0 0 0 0 0 0 0 0 0 0 0 2 0 0 0 0 0 
a13.15 = 0 0 0 0 0 0 0 0 0 0 0 0 1 1 0 0 0 0 
a13.16 = 0 0 0 0 0 0 0 0 0 0 0 0 1 0 1 0 0 0 
a13.17 = 0 0 0 0 0 0 0 0 0 0 0 0 1 0 0 1 0 0 
a13.18 = 0 0 0 0 0 0 0 0 0 0 0 0 1 0 0 0 1 0 
a13.19 = 0 0 0 0 0 0 0 0 0 0 0 0 1 0 0 0 0 1 
a13.20 = 1 0 0 0 0 0 0 0 0 0 0 0 1 0 0 0 0 1 
a13.21 = 0 1 0 0 0 0 0 0 0 0 0 0 1 0 0 0 0 1 
a13.22 = 0 0 1 0 0 0 0 0 0 0 0 0 1 0 0 0 0 1 
a13.23 = 0 0 0 1 0 0 0 0 0 0 0 0 1 0 0 0 0 1 
a13.24 = 0 0 0 0 1 0 0 0 0 0 0 0 1 0 0 0 0 1 
a13.25 = 0 0 0 0 0 1 0 0 0 0 0 0 1 0 0 0 0 1 
a13.26 = 0 0 0 0 0 0 1 0 0 0 0 0 1 0 0 0 0 1 
a13.27 = 0 0 0 0 0 0 0 1 0 0 0 0 1 0 0 0 0 1 
a13.28 = 0 0 0 0 0 0 0 0 1 0 0 0 1 0 0 0 0 1 
a13.29 = 0 0 0 0 0 0 0 0 0 1 0 0 1 0 0 0 0 1 
a13.30 = 0 0 0 0 0 0 0 0 0 0 1 0 1 0 0 0 0 1 
a13.31 = 0 0 0 0 0 0 0 0 0 0 0 1 1 0 0 0 0 1 
a13.32 = 0 0 0 0 0 0 0 0 0 0 0 0 2 0 0 0 0 1 
a13.33 = 0 0 0 0 0 0 0 0 0 0 0 0 1 1 0 0 0 1 
a13.34 = 0 0 0 0 0 0 0 0 0 0 0 0 1 0 1 0 0 1 
a13.35 = 0 0 0 0 0 0 0 0 0 0 0 0 1 0 0 1 0 1 
a13.36 = 0 0 0 0 0 0 0 0 0 0 0 0 1 0 0 0 1 1 

a14.1 = 0 0 0 0 0 0 0 0 0 0 0 0 0 1 0 0 0 0 
a14.2 = 1 0 0 0 0 0 0 0 0 0 0 0 0 1 0 0 0 0 
a14.3 = 0 1 0 0 0 0 0 0 0 0 0 0 0 1 0 0 0 0 
a14.4 = 0 0 1 0 0 0 0 0 0 0 0 0 0 1 0 0 0 0 
a14.5 = 0 0 0 1 0 0 0 0 0 0 0 0 0 1 0 0 0 0 
a14.6 = 0 0 0 0 1 0 0 0 0 0 0 0 0 1 0 0 0 0 
a14.7 = 0 0 0 0 0 1 0 0 0 0 0 0 0 1 0 0 0 0 
a14.8 = 0 0 0 0 0 0 1 0 0 0 0 0 0 1 0 0 0 0 
a14.9 = 0 0 0 0 0 0 0 1 0 0 0 0 0 1 0 0 0 0 
a14.10 = 0 0 0 0 0 0 0 0 1 0 0 0 0 1 0 0 0 0 
a14.11 = 0 0 0 0 0 0 0 0 0 1 0 0 0 1 0 0 0 0 
a14.12 = 0 0 0 0 0 0 0 0 0 0 1 0 0 1 0 0 0 0 
a14.13 = 0 0 0 0 0 0 0 0 0 0 0 1 0 1 0 0 0 0 
a14.14 = 0 0 0 0 0 0 0 0 0 0 0 0 1 1 0 0 0 0 
a14.15 = 0 0 0 0 0 0 0 0 0 0 0 0 0 2 0 0 0 0 
a14.16 = 0 0 0 0 0 0 0 0 0 0 0 0 0 1 1 0 0 0 
a14.17 = 0 0 0 0 0 0 0 0 0 0 0 0 0 1 0 1 0 0 
a14.18 = 0 0 0 0 0 0 0 0 0 0 0 0 0 1 0 0 1 0 
a14.19 = 0 0 0 0 0 0 0 0 0 0 0 0 0 1 0 0 0 1 
a14.20 = 1 0 0 0 0 0 0 0 0 0 0 0 0 1 0 0 0 1 
a14.21 = 0 1 0 0 0 0 0 0 0 0 0 0 0 1 0 0 0 1 
a14.22 = 0 0 1 0 0 0 0 0 0 0 0 0 0 1 0 0 0 1 
a14.23 = 0 0 0 1 0 0 0 0 0 0 0 0 0 1 0 0 0 1 
a14.24 = 0 0 0 0 1 0 0 0 0 0 0 0 0 1 0 0 0 1 
a14.25 = 0 0 0 0 0 1 0 0 0 0 0 0 0 1 0 0 0 1 
a14.26 = 0 0 0 0 0 0 1 0 0 0 0 0 0 1 0 0 0 1 
a14.27 = 0 0 0 0 0 0 0 1 0 0 0 0 0 1 0 0 0 1 
a14.28 = 0 0 0 0 0 0 0 0 1 0 0 0 0 1 0 0 0 1 
a14.29 = 0 0 0 0 0 0 0 0 0 1 0 0 0 1 0 0 0 1 
a14.30 = 0 0 0 0 0 0 0 0 0 0 1 0 0 1 0 0 0 1 
a14.31 = 0 0 0 0 0 0 0 0 0 0 0 1 0 1 0 0 0 1 
a14.32 = 0 0 0 0 0 0 0 0 0 0 0 0 1 1 0 0 0 1 
a14.33 = 0 0 0 0 0 0 0 0 0 0 0 0 0 2 0 0 0 1 
a14.34 = 0 0 0 0 0 0 0 0 0 0 0 0 0 1 1 0 0 1 
a14.35 = 0 0 0 0 0 0 0 0 0 0 0 0 0 1 0 1 0 1 
a14.36 = 0 0 0 0 0 0 0 0 0 0 0 0 0 1 0 0 1 1 

a15.1 = 0 0 0 0 0 0 0 0 0 0 0 0 0 0 1 0 0 0 
a15.2 = 1 0 0 0 0 0 0 0 0 0 0 0 0 0 1 0 0 0 
a15.3 = 0 1 0 0 0 0 0 0 0 0 0 0 0 0 1 0 0 0 
a15.4 = 0 0 1 0 0 0 0 0 0 0 0 0 0 0 1 0 0 0 
a15.5 = 0 0 0 1 0 0 0 0 0 0 0 0 0 0 1 0 0 0 
a15.6 = 0 0 0 0 1 0 0 0 0 0 0 0 0 0 1 0 0 0 
a15.7 = 0 0 0 0 0 1 0 0 0 0 0 0 0 0 1 0 0 0 
a15.8 = 0 0 0 0 0 0 1 0 0 0 0 0 0 0 1 0 0 0 
a15.9 = 0 0 0 0 0 0 0 1 0 0 0 0 0 0 1 0 0 0 
a15.10 = 0 0 0 0 0 0 0 0 1 0 0 0 0 0 1 0 0 0 
a15.11 = 0 0 0 0 0 0 0 0 0 1 0 0 0 0 1 0 0 0 
a15.12 = 0 0 0 0 0 0 0 0 0 0 1 0 0 0 1 0 0 0 
a15.13 = 0 0 0 0 0 0 0 0 0 0 0 1 0 0 1 0 0 0 
a15.14 = 0 0 0 0 0 0 0 0 0 0 0 0 1 0 1 0 0 0 
a15.15 = 0 0 0 0 0 0 0 0 0 0 0 0 0 1 1 0 0 0 
a15.16 = 0 0 0 0 0 0 0 0 0 0 0 0 0 0 2 0 0 0 
a15.17 = 0 0 0 0 0 0 0 0 0 0 0 0 0 0 1 1 0 0 
a15.18 = 0 0 0 0 0 0 0 0 0 0 0 0 0 0 1 0 1 0 
a15.19 = 0 0 0 0 0 0 0 0 0 0 0 0 0 0 1 0 0 1 
a15.20 = 1 0 0 0 0 0 0 0 0 0 0 0 0 0 1 0 0 1 
a15.21 = 0 1 0 0 0 0 0 0 0 0 0 0 0 0 1 0 0 1 
a15.22 = 0 0 1 0 0 0 0 0 0 0 0 0 0 0 1 0 0 1 
a15.23 = 0 0 0 1 0 0 0 0 0 0 0 0 0 0 1 0 0 1 
a15.24 = 0 0 0 0 1 0 0 0 0 0 0 0 0 0 1 0 0 1 
a15.25 = 0 0 0 0 0 1 0 0 0 0 0 0 0 0 1 0 0 1 
a15.26 = 0 0 0 0 0 0 1 0 0 0 0 0 0 0 1 0 0 1 
a15.27 = 0 0 0 0 0 0 0 1 0 0 0 0 0 0 1 0 0 1 
a15.28 = 0 0 0 0 0 0 0 0 1 0 0 0 0 0 1 0 0 1 
a15.29 = 0 0 0 0 0 0 0 0 0 1 0 0 0 0 1 0 0 1 
a15.30 = 0 0 0 0 0 0 0 0 0 0 1 0 0 0 1 0 0 1 
a15.31 = 0 0 0 0 0 0 0 0 0 0 0 1 0 0 1 0 0 1 
a15.32 = 0 0 0 0 0 0 0 0 0 0 0 0 1 0 1 0 0 1 
a15.33 = 0 0 0 0 0 0 0 0 0 0 0 0 0 1 1 0 0 1 
a15.34 = 0 0 0 0 0 0 0 0 0 0 0 0 0 0 2 0 0 1 
a15.35 = 0 0 0 0 0 0 0 0 0 0 0 0 0 0 1 1 0 1 
a15.36 = 0 0 0 0 0 0 0 0 0 0 0 0 0 0 1 0 1 1 

a16.1 = 0 0 0 0 0 0 0 0 0 0 0 0 0 0 0 1 0 0 
a16.2 = 1 0 0 0 0 0 0 0 0 0 0 0 0 0 0 1 0 0 
a16.3 = 0 1 0 0 0 0 0 0 0 0 0 0 0 0 0 1 0 0 
a16.4 = 0 0 1 0 0 0 0 0 0 0 0 0 0 0 0 1 0 0 
a16.5 = 0 0 0 1 0 0 0 0 0 0 0 0 0 0 0 1 0 0 
a16.6 = 0 0 0 0 1 0 0 0 0 0 0 0 0 0 0 1 0 0 
a16.7 = 0 0 0 0 0 1 0 0 0 0 0 0 0 0 0 1 0 0 
a16.8 = 0 0 0 0 0 0 1 0 0 0 0 0 0 0 0 1 0 0 
a16.9 = 0 0 0 0 0 0 0 1 0 0 0 0 0 0 0 1 0 0 
a16.10 = 0 0 0 0 0 0 0 0 1 0 0 0 0 0 0 1 0 0 
a16.11 = 0 0 0 0 0 0 0 0 0 1 0 0 0 0 0 1 0 0 
a16.12 = 0 0 0 0 0 0 0 0 0 0 1 0 0 0 0 1 0 0 
a16.13 = 0 0 0 0 0 0 0 0 0 0 0 1 0 0 0 1 0 0 
a16.14 = 0 0 0 0 0 0 0 0 0 0 0 0 1 0 0 1 0 0 
a16.15 = 0 0 0 0 0 0 0 0 0 0 0 0 0 1 0 1 0 0 
a16.16 = 0 0 0 0 0 0 0 0 0 0 0 0 0 0 1 1 0 0 
a16.17 = 0 0 0 0 0 0 0 0 0 0 0 0 0 0 0 2 0 0 
a16.18 = 0 0 0 0 0 0 0 0 0 0 0 0 0 0 0 1 1 0 
a16.19 = 0 0 0 0 0 0 0 0 0 0 0 0 0 0 0 1 0 1 
a16.20 = 1 0 0 0 0 0 0 0 0 0 0 0 0 0 0 1 0 1 
a16.21 = 0 1 0 0 0 0 0 0 0 0 0 0 0 0 0 1 0 1 
a16.22 = 0 0 1 0 0 0 0 0 0 0 0 0 0 0 0 1 0 1 
a16.23 = 0 0 0 1 0 0 0 0 0 0 0 0 0 0 0 1 0 1 
a16.24 = 0 0 0 0 1 0 0 0 0 0 0 0 0 0 0 1 0 1 
a16.25 = 0 0 0 0 0 1 0 0 0 0 0 0 0 0 0 1 0 1 
a16.26 = 0 0 0 0 0 0 1 0 0 0 0 0 0 0 0 1 0 1 
a16.27 = 0 0 0 0 0 0 0 1 0 0 0 0 0 0 0 1 0 1 
a16.28 = 0 0 0 0 0 0 0 0 1 0 0 0 0 0 0 1 0 1 
a16.29 = 0 0 0 0 0 0 0 0 0 1 0 0 0 0 0 1 0 1 
a16.30 = 0 0 0 0 0 0 0 0 0 0 1 0 0 0 0 1 0 1 
a16.31 = 0 0 0 0 0 0 0 0 0 0 0 1 0 0 0 1 0 1 
a16.32 = 0 0 0 0 0 0 0 0 0 0 0 0 1 0 0 1 0 1 
a16.33 = 0 0 0 0 0 0 0 0 0 0 0 0 0 1 0 1 0 1 
a16.34 = 0 0 0 0 0 0 0 0 0 0 0 0 0 0 1 1 0 1 
a16.35 = 0 0 0 0 0 0 0 0 0 0 0 0 0 0 0 2 0 1 
a16.36 = 0 0 0 0 0 0 0 0 0 0 0 0 0 0 0 1 1 1 

a17.1 = 0 0 0 0 0 0 0 0 0 0 0 0 0 0 0 0 1 0 
a17.2 = 1 0 0 0 0 0 0 0 0 0 0 0 0 0 0 0 1 0 
a17.3 = 0 1 0 0 0 0 0 0 0 0 0 0 0 0 0 0 1 0 
a17.4 = 0 0 1 0 0 0 0 0 0 0 0 0 0 0 0 0 1 0 
a17.5 = 0 0 0 1 0 0 0 0 0 0 0 0 0 0 0 0 1 0 
a17.6 = 0 0 0 0 1 0 0 0 0 0 0 0 0 0 0 0 1 0 
a17.7 = 0 0 0 0 0 1 0 0 0 0 0 0 0 0 0 0 1 0 
a17.8 = 0 0 0 0 0 0 1 0 0 0 0 0 0 0 0 0 1 0 
a17.9 = 0 0 0 0 0 0 0 1 0 0 0 0 0 0 0 0 1 0 
a17.10 = 0 0 0 0 0 0 0 0 1 0 0 0 0 0 0 0 1 0 
a17.11 = 0 0 0 0 0 0 0 0 0 1 0 0 0 0 0 0 1 0 
a17.12 = 0 0 0 0 0 0 0 0 0 0 1 0 0 0 0 0 1 0 
a17.13 = 0 0 0 0 0 0 0 0 0 0 0 1 0 0 0 0 1 0 
a17.14 = 0 0 0 0 0 0 0 0 0 0 0 0 1 0 0 0 1 0 
a17.15 = 0 0 0 0 0 0 0 0 0 0 0 0 0 1 0 0 1 0 
a17.16 = 0 0 0 0 0 0 0 0 0 0 0 0 0 0 1 0 1 0 
a17.17 = 0 0 0 0 0 0 0 0 0 0 0 0 0 0 0 1 1 0 
a17.18 = 0 0 0 0 0 0 0 0 0 0 0 0 0 0 0 0 2 0 
a17.19 = 0 0 0 0 0 0 0 0 0 0 0 0 0 0 0 0 1 1 
a17.20 = 1 0 0 0 0 0 0 0 0 0 0 0 0 0 0 0 1 1 
a17.21 = 0 1 0 0 0 0 0 0 0 0 0 0 0 0 0 0 1 1 
a17.22 = 0 0 1 0 0 0 0 0 0 0 0 0 0 0 0 0 1 1 
a17.23 = 0 0 0 1 0 0 0 0 0 0 0 0 0 0 0 0 1 1 
a17.24 = 0 0 0 0 1 0 0 0 0 0 0 0 0 0 0 0 1 1 
a17.25 = 0 0 0 0 0 1 0 0 0 0 0 0 0 0 0 0 1 1 
a17.26 = 0 0 0 0 0 0 1 0 0 0 0 0 0 0 0 0 1 1 
a17.27 = 0 0 0 0 0 0 0 1 0 0 0 0 0 0 0 0 1 1 
a17.28 = 0 0 0 0 0 0 0 0 1 0 0 0 0 0 0 0 1 1 
a17.29 = 0 0 0 0 0 0 0 0 0 1 0 0 0 0 0 0 1 1 
a17.30 = 0 0 0 0 0 0 0 0 0 0 1 0 0 0 0 0 1 1 
a17.31 = 0 0 0 0 0 0 0 0 0 0 0 1 0 0 0 0 1 1 
a17.32 = 0 0 0 0 0 0 0 0 0 0 0 0 1 0 0 0 1 1 
a17.33 = 0 0 0 0 0 0 0 0 0 0 0 0 0 1 0 0 1 1 
a17.34 = 0 0 0 0 0 0 0 0 0 0 0 0 0 0 1 0 1 1 
a17.35 = 0 0 0 0 0 0 0 0 0 0 0 0 0 0 0 1 1 1 
a17.36 = 0 0 0 0 0 0 0 0 0 0 0 0 0 0 0 0 2 1 

a18.1 = 0 0 0 0 0 0 0 0 0 0 0 0 0 0 0 0 0 1 
a18.2 = 1 0 0 0 0 0 0 0 0 0 0 0 0 0 0 0 0 1 
a18.3 = 0 1 0 0 0 0 0 0 0 0 0 0 0 0 0 0 0 1 
a18.4 = 0 0 1 0 0 0 0 0 0 0 0 0 0 0 0 0 0 1 
a18.5 = 0 0 0 1 0 0 0 0 0 0 0 0 0 0 0 0 0 1 
a18.6 = 0 0 0 0 1 0 0 0 0 0 0 0 0 0 0 0 0 1 
a18.7 = 0 0 0 0 0 1 0 0 0 0 0 0 0 0 0 0 0 1 
a18.8 = 0 0 0 0 0 0 1 0 0 0 0 0 0 0 0 0 0 1 
a18.9 = 0 0 0 0 0 0 0 1 0 0 0 0 0 0 0 0 0 1 
a18.10 = 0 0 0 0 0 0 0 0 1 0 0 0 0 0 0 0 0 1 
a18.11 = 0 0 0 0 0 0 0 0 0 1 0 0 0 0 0 0 0 1 
a18.12 = 0 0 0 0 0 0 0 0 0 0 1 0 0 0 0 0 0 1 
a18.13 = 0 0 0 0 0 0 0 0 0 0 0 1 0 0 0 0 0 1 
a18.14 = 0 0 0 0 0 0 0 0 0 0 0 0 1 0 0 0 0 1 
a18.15 = 0 0 0 0 0 0 0 0 0 0 0 0 0 1 0 0 0 1 
a18.16 = 0 0 0 0 0 0 0 0 0 0 0 0 0 0 1 0 0 1 
a18.17 = 0 0 0 0 0 0 0 0 0 0 0 0 0 0 0 1 0 1 
a18.18 = 0 0 0 0 0 0 0 0 0 0 0 0 0 0 0 0 1 1 
a18.19 = 0 0 0 0 0 0 0 0 0 0 0 0 0 0 0 0 0 2 
a18.20 = 1 0 0 0 0 0 0 0 0 0 0 0 0 0 0 0 0 2 
a18.21 = 0 1 0 0 0 0 0 0 0 0 0 0 0 0 0 0 0 2 
a18.22 = 0 0 1 0 0 0 0 0 0 0 0 0 0 0 0 0 0 2 
a18.23 = 0 0 0 1 0 0 0 0 0 0 0 0 0 0 0 0 0 2 
a18.24 = 0 0 0 0 1 0 0 0 0 0 0 0 0 0 0 0 0 2 
a18.25 = 0 0 0 0 0 1 0 0 0 0 0 0 0 0 0 0 0 2 
a18.26 = 0 0 0 0 0 0 1 0 0 0 0 0 0 0 0 0 0 2 
a18.27 = 0 0 0 0 0 0 0 1 0 0 0 0 0 0 0 0 0 2 
a18.28 = 0 0 0 0 0 0 0 0 1 0 0 0 0 0 0 0 0 2 
a18.29 = 0 0 0 0 0 0 0 0 0 1 0 0 0 0 0 0 0 2 
a18.30 = 0 0 0 0 0 0 0 0 0 0 1 0 0 0 0 0 0 2 
a18.31 = 0 0 0 0 0 0 0 0 0 0 0 1 0 0 0 0 0 2 
a18.32 = 0 0 0 0 0 0 0 0 0 0 0 0 1 0 0 0 0 2 
a18.33 = 0 0 0 0 0 0 0 0 0 0 0 0 0 1 0 0 0 2 
a18.34 = 0 0 0 0 0 0 0 0 0 0 0 0 0 0 1 0 0 2 
a18.35 = 0 0 0 0 0 0 0 0 0 0 0 0 0 0 0 1 0 2 
a18.36 = 0 0 0 0 0 0 0 0 0 0 0 0 0 0 0 0 1 2 

