Dim = 12
Support = 12

Elem = 2 12 12 12 12 12 12 12 12 12 12 12 
Type = 1 1 1 1 1 1 1 1 1 1 1 1 

0 0 0 0 0 0 0 0 0 0 0 0 
1 1 1 1 1 1 1 1 1 1 1 1 

1 1 1 1 1 1 1 1 1 1 1 0 
0 1 1 1 1 1 1 1 1 1 1 1 
1 0 1 1 1 1 1 1 1 1 1 1 
1 1 0 1 1 1 1 1 1 1 1 1 
1 1 1 0 1 1 1 1 1 1 1 1 
1 1 1 1 0 1 1 1 1 1 1 1 
1 1 1 1 1 0 1 1 1 1 1 1 
1 1 1 1 1 1 0 1 1 1 1 1 
1 1 1 1 1 1 1 0 1 1 1 1 
1 1 1 1 1 1 1 1 0 1 1 1 
1 1 1 1 1 1 1 1 1 0 1 1 
1 1 1 1 1 1 1 1 1 1 0 1 

1 1 1 1 1 1 1 1 1 1 0 0 
0 1 1 1 1 1 1 1 1 1 1 0 
0 0 1 1 1 1 1 1 1 1 1 1 
1 0 0 1 1 1 1 1 1 1 1 1 
1 1 0 0 1 1 1 1 1 1 1 1 
1 1 1 0 0 1 1 1 1 1 1 1 
1 1 1 1 0 0 1 1 1 1 1 1 
1 1 1 1 1 0 0 1 1 1 1 1 
1 1 1 1 1 1 0 0 1 1 1 1 
1 1 1 1 1 1 1 0 0 1 1 1 
1 1 1 1 1 1 1 1 0 0 1 1 
1 1 1 1 1 1 1 1 1 0 0 1 

1 1 1 1 1 1 1 1 1 0 0 0 
0 1 1 1 1 1 1 1 1 1 0 0 
0 0 1 1 1 1 1 1 1 1 1 0 
0 0 0 1 1 1 1 1 1 1 1 1 
1 0 0 0 1 1 1 1 1 1 1 1 
1 1 0 0 0 1 1 1 1 1 1 1 
1 1 1 0 0 0 1 1 1 1 1 1 
1 1 1 1 0 0 0 1 1 1 1 1 
1 1 1 1 1 0 0 0 1 1 1 1 
1 1 1 1 1 1 0 0 0 1 1 1 
1 1 1 1 1 1 1 0 0 0 1 1 
1 1 1 1 1 1 1 1 0 0 0 1 

1 1 1 1 1 1 1 1 0 0 0 0 
0 1 1 1 1 1 1 1 1 0 0 0 
0 0 1 1 1 1 1 1 1 1 0 0 
0 0 0 1 1 1 1 1 1 1 1 0 
0 0 0 0 1 1 1 1 1 1 1 1 
1 0 0 0 0 1 1 1 1 1 1 1 
1 1 0 0 0 0 1 1 1 1 1 1 
1 1 1 0 0 0 0 1 1 1 1 1 
1 1 1 1 0 0 0 0 1 1 1 1 
1 1 1 1 1 0 0 0 0 1 1 1 
1 1 1 1 1 1 0 0 0 0 1 1 
1 1 1 1 1 1 1 0 0 0 0 1 

1 1 1 1 1 1 1 0 0 0 0 0 
0 1 1 1 1 1 1 1 0 0 0 0 
0 0 1 1 1 1 1 1 1 0 0 0 
0 0 0 1 1 1 1 1 1 1 0 0 
0 0 0 0 1 1 1 1 1 1 1 0 
0 0 0 0 0 1 1 1 1 1 1 1 
1 0 0 0 0 0 1 1 1 1 1 1 
1 1 0 0 0 0 0 1 1 1 1 1 
1 1 1 0 0 0 0 0 1 1 1 1 
1 1 1 1 0 0 0 0 0 1 1 1 
1 1 1 1 1 0 0 0 0 0 1 1 
1 1 1 1 1 1 0 0 0 0 0 1 

1 1 1 1 1 1 0 0 0 0 0 0 
0 1 1 1 1 1 1 0 0 0 0 0 
0 0 1 1 1 1 1 1 0 0 0 0 
0 0 0 1 1 1 1 1 1 0 0 0 
0 0 0 0 1 1 1 1 1 1 0 0 
0 0 0 0 0 1 1 1 1 1 1 0 
0 0 0 0 0 0 1 1 1 1 1 1 
1 0 0 0 0 0 0 1 1 1 1 1 
1 1 0 0 0 0 0 0 1 1 1 1 
1 1 1 0 0 0 0 0 0 1 1 1 
1 1 1 1 0 0 0 0 0 0 1 1 
1 1 1 1 1 0 0 0 0 0 0 1 

1 1 1 1 1 0 0 0 0 0 0 0 
0 1 1 1 1 1 0 0 0 0 0 0 
0 0 1 1 1 1 1 0 0 0 0 0 
0 0 0 1 1 1 1 1 0 0 0 0 
0 0 0 0 1 1 1 1 1 0 0 0 
0 0 0 0 0 1 1 1 1 1 0 0 
0 0 0 0 0 0 1 1 1 1 1 0 
0 0 0 0 0 0 0 1 1 1 1 1 
1 0 0 0 0 0 0 0 1 1 1 1 
1 1 0 0 0 0 0 0 0 1 1 1 
1 1 1 0 0 0 0 0 0 0 1 1 
1 1 1 1 0 0 0 0 0 0 0 1 

1 1 1 1 0 0 0 0 0 0 0 0 
0 1 1 1 1 0 0 0 0 0 0 0 
0 0 1 1 1 1 0 0 0 0 0 0 
0 0 0 1 1 1 1 0 0 0 0 0 
0 0 0 0 1 1 1 1 0 0 0 0 
0 0 0 0 0 1 1 1 1 0 0 0 
0 0 0 0 0 0 1 1 1 1 0 0 
0 0 0 0 0 0 0 1 1 1 1 0 
0 0 0 0 0 0 0 0 1 1 1 1 
1 0 0 0 0 0 0 0 0 1 1 1 
1 1 0 0 0 0 0 0 0 0 1 1 
1 1 1 0 0 0 0 0 0 0 0 1 

1 1 1 0 0 0 0 0 0 0 0 0 
0 1 1 1 0 0 0 0 0 0 0 0 
0 0 1 1 1 0 0 0 0 0 0 0 
0 0 0 1 1 1 0 0 0 0 0 0 
0 0 0 0 1 1 1 0 0 0 0 0 
0 0 0 0 0 1 1 1 0 0 0 0 
0 0 0 0 0 0 1 1 1 0 0 0 
0 0 0 0 0 0 0 1 1 1 0 0 
0 0 0 0 0 0 0 0 1 1 1 0 
0 0 0 0 0 0 0 0 0 1 1 1 
1 0 0 0 0 0 0 0 0 0 1 1 
1 1 0 0 0 0 0 0 0 0 0 1 

1 1 0 0 0 0 0 0 0 0 0 0 
0 1 1 0 0 0 0 0 0 0 0 0 
0 0 1 1 0 0 0 0 0 0 0 0 
0 0 0 1 1 0 0 0 0 0 0 0 
0 0 0 0 1 1 0 0 0 0 0 0 
0 0 0 0 0 1 1 0 0 0 0 0 
0 0 0 0 0 0 1 1 0 0 0 0 
0 0 0 0 0 0 0 1 1 0 0 0 
0 0 0 0 0 0 0 0 1 1 0 0 
0 0 0 0 0 0 0 0 0 1 1 0 
0 0 0 0 0 0 0 0 0 0 1 1 
1 0 0 0 0 0 0 0 0 0 0 1 

1 0 0 0 0 0 0 0 0 0 0 0 
0 1 0 0 0 0 0 0 0 0 0 0 
0 0 1 0 0 0 0 0 0 0 0 0 
0 0 0 1 0 0 0 0 0 0 0 0 
0 0 0 0 1 0 0 0 0 0 0 0 
0 0 0 0 0 1 0 0 0 0 0 0 
0 0 0 0 0 0 1 0 0 0 0 0 
0 0 0 0 0 0 0 1 0 0 0 0 
0 0 0 0 0 0 0 0 1 0 0 0 
0 0 0 0 0 0 0 0 0 1 0 0 
0 0 0 0 0 0 0 0 0 0 1 0 
0 0 0 0 0 0 0 0 0 0 0 1 

