Dim = 16
Support = 16

Elem = 2 16 16 16 16 16 16 16 16 16 16 16 16 16 16 16 
Type = 1 1 1 1 1 1 1 1 1 1 1 1 1 1 1 1 

0 0 0 0 0 0 0 0 0 0 0 0 0 0 0 0 
1 1 1 1 1 1 1 1 1 1 1 1 1 1 1 1 

1 1 1 1 1 1 1 1 1 1 1 1 1 1 1 0 
0 1 1 1 1 1 1 1 1 1 1 1 1 1 1 1 
1 0 1 1 1 1 1 1 1 1 1 1 1 1 1 1 
1 1 0 1 1 1 1 1 1 1 1 1 1 1 1 1 
1 1 1 0 1 1 1 1 1 1 1 1 1 1 1 1 
1 1 1 1 0 1 1 1 1 1 1 1 1 1 1 1 
1 1 1 1 1 0 1 1 1 1 1 1 1 1 1 1 
1 1 1 1 1 1 0 1 1 1 1 1 1 1 1 1 
1 1 1 1 1 1 1 0 1 1 1 1 1 1 1 1 
1 1 1 1 1 1 1 1 0 1 1 1 1 1 1 1 
1 1 1 1 1 1 1 1 1 0 1 1 1 1 1 1 
1 1 1 1 1 1 1 1 1 1 0 1 1 1 1 1 
1 1 1 1 1 1 1 1 1 1 1 0 1 1 1 1 
1 1 1 1 1 1 1 1 1 1 1 1 0 1 1 1 
1 1 1 1 1 1 1 1 1 1 1 1 1 0 1 1 
1 1 1 1 1 1 1 1 1 1 1 1 1 1 0 1 

1 1 1 1 1 1 1 1 1 1 1 1 1 1 0 0 
0 1 1 1 1 1 1 1 1 1 1 1 1 1 1 0 
0 0 1 1 1 1 1 1 1 1 1 1 1 1 1 1 
1 0 0 1 1 1 1 1 1 1 1 1 1 1 1 1 
1 1 0 0 1 1 1 1 1 1 1 1 1 1 1 1 
1 1 1 0 0 1 1 1 1 1 1 1 1 1 1 1 
1 1 1 1 0 0 1 1 1 1 1 1 1 1 1 1 
1 1 1 1 1 0 0 1 1 1 1 1 1 1 1 1 
1 1 1 1 1 1 0 0 1 1 1 1 1 1 1 1 
1 1 1 1 1 1 1 0 0 1 1 1 1 1 1 1 
1 1 1 1 1 1 1 1 0 0 1 1 1 1 1 1 
1 1 1 1 1 1 1 1 1 0 0 1 1 1 1 1 
1 1 1 1 1 1 1 1 1 1 0 0 1 1 1 1 
1 1 1 1 1 1 1 1 1 1 1 0 0 1 1 1 
1 1 1 1 1 1 1 1 1 1 1 1 0 0 1 1 
1 1 1 1 1 1 1 1 1 1 1 1 1 0 0 1 

1 1 1 1 1 1 1 1 1 1 1 1 1 0 0 0 
0 1 1 1 1 1 1 1 1 1 1 1 1 1 0 0 
0 0 1 1 1 1 1 1 1 1 1 1 1 1 1 0 
0 0 0 1 1 1 1 1 1 1 1 1 1 1 1 1 
1 0 0 0 1 1 1 1 1 1 1 1 1 1 1 1 
1 1 0 0 0 1 1 1 1 1 1 1 1 1 1 1 
1 1 1 0 0 0 1 1 1 1 1 1 1 1 1 1 
1 1 1 1 0 0 0 1 1 1 1 1 1 1 1 1 
1 1 1 1 1 0 0 0 1 1 1 1 1 1 1 1 
1 1 1 1 1 1 0 0 0 1 1 1 1 1 1 1 
1 1 1 1 1 1 1 0 0 0 1 1 1 1 1 1 
1 1 1 1 1 1 1 1 0 0 0 1 1 1 1 1 
1 1 1 1 1 1 1 1 1 0 0 0 1 1 1 1 
1 1 1 1 1 1 1 1 1 1 0 0 0 1 1 1 
1 1 1 1 1 1 1 1 1 1 1 0 0 0 1 1 
1 1 1 1 1 1 1 1 1 1 1 1 0 0 0 1 

1 1 1 1 1 1 1 1 1 1 1 1 0 0 0 0 
0 1 1 1 1 1 1 1 1 1 1 1 1 0 0 0 
0 0 1 1 1 1 1 1 1 1 1 1 1 1 0 0 
0 0 0 1 1 1 1 1 1 1 1 1 1 1 1 0 
0 0 0 0 1 1 1 1 1 1 1 1 1 1 1 1 
1 0 0 0 0 1 1 1 1 1 1 1 1 1 1 1 
1 1 0 0 0 0 1 1 1 1 1 1 1 1 1 1 
1 1 1 0 0 0 0 1 1 1 1 1 1 1 1 1 
1 1 1 1 0 0 0 0 1 1 1 1 1 1 1 1 
1 1 1 1 1 0 0 0 0 1 1 1 1 1 1 1 
1 1 1 1 1 1 0 0 0 0 1 1 1 1 1 1 
1 1 1 1 1 1 1 0 0 0 0 1 1 1 1 1 
1 1 1 1 1 1 1 1 0 0 0 0 1 1 1 1 
1 1 1 1 1 1 1 1 1 0 0 0 0 1 1 1 
1 1 1 1 1 1 1 1 1 1 0 0 0 0 1 1 
1 1 1 1 1 1 1 1 1 1 1 0 0 0 0 1 

1 1 1 1 1 1 1 1 1 1 1 0 0 0 0 0 
0 1 1 1 1 1 1 1 1 1 1 1 0 0 0 0 
0 0 1 1 1 1 1 1 1 1 1 1 1 0 0 0 
0 0 0 1 1 1 1 1 1 1 1 1 1 1 0 0 
0 0 0 0 1 1 1 1 1 1 1 1 1 1 1 0 
0 0 0 0 0 1 1 1 1 1 1 1 1 1 1 1 
1 0 0 0 0 0 1 1 1 1 1 1 1 1 1 1 
1 1 0 0 0 0 0 1 1 1 1 1 1 1 1 1 
1 1 1 0 0 0 0 0 1 1 1 1 1 1 1 1 
1 1 1 1 0 0 0 0 0 1 1 1 1 1 1 1 
1 1 1 1 1 0 0 0 0 0 1 1 1 1 1 1 
1 1 1 1 1 1 0 0 0 0 0 1 1 1 1 1 
1 1 1 1 1 1 1 0 0 0 0 0 1 1 1 1 
1 1 1 1 1 1 1 1 0 0 0 0 0 1 1 1 
1 1 1 1 1 1 1 1 1 0 0 0 0 0 1 1 
1 1 1 1 1 1 1 1 1 1 0 0 0 0 0 1 

1 1 1 1 1 1 1 1 1 1 0 0 0 0 0 0 
0 1 1 1 1 1 1 1 1 1 1 0 0 0 0 0 
0 0 1 1 1 1 1 1 1 1 1 1 0 0 0 0 
0 0 0 1 1 1 1 1 1 1 1 1 1 0 0 0 
0 0 0 0 1 1 1 1 1 1 1 1 1 1 0 0 
0 0 0 0 0 1 1 1 1 1 1 1 1 1 1 0 
0 0 0 0 0 0 1 1 1 1 1 1 1 1 1 1 
1 0 0 0 0 0 0 1 1 1 1 1 1 1 1 1 
1 1 0 0 0 0 0 0 1 1 1 1 1 1 1 1 
1 1 1 0 0 0 0 0 0 1 1 1 1 1 1 1 
1 1 1 1 0 0 0 0 0 0 1 1 1 1 1 1 
1 1 1 1 1 0 0 0 0 0 0 1 1 1 1 1 
1 1 1 1 1 1 0 0 0 0 0 0 1 1 1 1 
1 1 1 1 1 1 1 0 0 0 0 0 0 1 1 1 
1 1 1 1 1 1 1 1 0 0 0 0 0 0 1 1 
1 1 1 1 1 1 1 1 1 0 0 0 0 0 0 1 

1 1 1 1 1 1 1 1 1 0 0 0 0 0 0 0 
0 1 1 1 1 1 1 1 1 1 0 0 0 0 0 0 
0 0 1 1 1 1 1 1 1 1 1 0 0 0 0 0 
0 0 0 1 1 1 1 1 1 1 1 1 0 0 0 0 
0 0 0 0 1 1 1 1 1 1 1 1 1 0 0 0 
0 0 0 0 0 1 1 1 1 1 1 1 1 1 0 0 
0 0 0 0 0 0 1 1 1 1 1 1 1 1 1 0 
0 0 0 0 0 0 0 1 1 1 1 1 1 1 1 1 
1 0 0 0 0 0 0 0 1 1 1 1 1 1 1 1 
1 1 0 0 0 0 0 0 0 1 1 1 1 1 1 1 
1 1 1 0 0 0 0 0 0 0 1 1 1 1 1 1 
1 1 1 1 0 0 0 0 0 0 0 1 1 1 1 1 
1 1 1 1 1 0 0 0 0 0 0 0 1 1 1 1 
1 1 1 1 1 1 0 0 0 0 0 0 0 1 1 1 
1 1 1 1 1 1 1 0 0 0 0 0 0 0 1 1 
1 1 1 1 1 1 1 1 0 0 0 0 0 0 0 1 

1 1 1 1 1 1 1 1 0 0 0 0 0 0 0 0 
0 1 1 1 1 1 1 1 1 0 0 0 0 0 0 0 
0 0 1 1 1 1 1 1 1 1 0 0 0 0 0 0 
0 0 0 1 1 1 1 1 1 1 1 0 0 0 0 0 
0 0 0 0 1 1 1 1 1 1 1 1 0 0 0 0 
0 0 0 0 0 1 1 1 1 1 1 1 1 0 0 0 
0 0 0 0 0 0 1 1 1 1 1 1 1 1 0 0 
0 0 0 0 0 0 0 1 1 1 1 1 1 1 1 0 
0 0 0 0 0 0 0 0 1 1 1 1 1 1 1 1 
1 0 0 0 0 0 0 0 0 1 1 1 1 1 1 1 
1 1 0 0 0 0 0 0 0 0 1 1 1 1 1 1 
1 1 1 0 0 0 0 0 0 0 0 1 1 1 1 1 
1 1 1 1 0 0 0 0 0 0 0 0 1 1 1 1 
1 1 1 1 1 0 0 0 0 0 0 0 0 1 1 1 
1 1 1 1 1 1 0 0 0 0 0 0 0 0 1 1 
1 1 1 1 1 1 1 0 0 0 0 0 0 0 0 1 

1 1 1 1 1 1 1 0 0 0 0 0 0 0 0 0 
0 1 1 1 1 1 1 1 0 0 0 0 0 0 0 0 
0 0 1 1 1 1 1 1 1 0 0 0 0 0 0 0 
0 0 0 1 1 1 1 1 1 1 0 0 0 0 0 0 
0 0 0 0 1 1 1 1 1 1 1 0 0 0 0 0 
0 0 0 0 0 1 1 1 1 1 1 1 0 0 0 0 
0 0 0 0 0 0 1 1 1 1 1 1 1 0 0 0 
0 0 0 0 0 0 0 1 1 1 1 1 1 1 0 0 
0 0 0 0 0 0 0 0 1 1 1 1 1 1 1 0 
0 0 0 0 0 0 0 0 0 1 1 1 1 1 1 1 
1 0 0 0 0 0 0 0 0 0 1 1 1 1 1 1 
1 1 0 0 0 0 0 0 0 0 0 1 1 1 1 1 
1 1 1 0 0 0 0 0 0 0 0 0 1 1 1 1 
1 1 1 1 0 0 0 0 0 0 0 0 0 1 1 1 
1 1 1 1 1 0 0 0 0 0 0 0 0 0 1 1 
1 1 1 1 1 1 0 0 0 0 0 0 0 0 0 1 

1 1 1 1 1 1 0 0 0 0 0 0 0 0 0 0 
0 1 1 1 1 1 1 0 0 0 0 0 0 0 0 0 
0 0 1 1 1 1 1 1 0 0 0 0 0 0 0 0 
0 0 0 1 1 1 1 1 1 0 0 0 0 0 0 0 
0 0 0 0 1 1 1 1 1 1 0 0 0 0 0 0 
0 0 0 0 0 1 1 1 1 1 1 0 0 0 0 0 
0 0 0 0 0 0 1 1 1 1 1 1 0 0 0 0 
0 0 0 0 0 0 0 1 1 1 1 1 1 0 0 0 
0 0 0 0 0 0 0 0 1 1 1 1 1 1 0 0 
0 0 0 0 0 0 0 0 0 1 1 1 1 1 1 0 
0 0 0 0 0 0 0 0 0 0 1 1 1 1 1 1 
1 0 0 0 0 0 0 0 0 0 0 1 1 1 1 1 
1 1 0 0 0 0 0 0 0 0 0 0 1 1 1 1 
1 1 1 0 0 0 0 0 0 0 0 0 0 1 1 1 
1 1 1 1 0 0 0 0 0 0 0 0 0 0 1 1 
1 1 1 1 1 0 0 0 0 0 0 0 0 0 0 1 

1 1 1 1 1 0 0 0 0 0 0 0 0 0 0 0 
0 1 1 1 1 1 0 0 0 0 0 0 0 0 0 0 
0 0 1 1 1 1 1 0 0 0 0 0 0 0 0 0 
0 0 0 1 1 1 1 1 0 0 0 0 0 0 0 0 
0 0 0 0 1 1 1 1 1 0 0 0 0 0 0 0 
0 0 0 0 0 1 1 1 1 1 0 0 0 0 0 0 
0 0 0 0 0 0 1 1 1 1 1 0 0 0 0 0 
0 0 0 0 0 0 0 1 1 1 1 1 0 0 0 0 
0 0 0 0 0 0 0 0 1 1 1 1 1 0 0 0 
0 0 0 0 0 0 0 0 0 1 1 1 1 1 0 0 
0 0 0 0 0 0 0 0 0 0 1 1 1 1 1 0 
0 0 0 0 0 0 0 0 0 0 0 1 1 1 1 1 
1 0 0 0 0 0 0 0 0 0 0 0 1 1 1 1 
1 1 0 0 0 0 0 0 0 0 0 0 0 1 1 1 
1 1 1 0 0 0 0 0 0 0 0 0 0 0 1 1 
1 1 1 1 0 0 0 0 0 0 0 0 0 0 0 1 

1 1 1 1 0 0 0 0 0 0 0 0 0 0 0 0 
0 1 1 1 1 0 0 0 0 0 0 0 0 0 0 0 
0 0 1 1 1 1 0 0 0 0 0 0 0 0 0 0 
0 0 0 1 1 1 1 0 0 0 0 0 0 0 0 0 
0 0 0 0 1 1 1 1 0 0 0 0 0 0 0 0 
0 0 0 0 0 1 1 1 1 0 0 0 0 0 0 0 
0 0 0 0 0 0 1 1 1 1 0 0 0 0 0 0 
0 0 0 0 0 0 0 1 1 1 1 0 0 0 0 0 
0 0 0 0 0 0 0 0 1 1 1 1 0 0 0 0 
0 0 0 0 0 0 0 0 0 1 1 1 1 0 0 0 
0 0 0 0 0 0 0 0 0 0 1 1 1 1 0 0 
0 0 0 0 0 0 0 0 0 0 0 1 1 1 1 0 
0 0 0 0 0 0 0 0 0 0 0 0 1 1 1 1 
1 0 0 0 0 0 0 0 0 0 0 0 0 1 1 1 
1 1 0 0 0 0 0 0 0 0 0 0 0 0 1 1 
1 1 1 0 0 0 0 0 0 0 0 0 0 0 0 1 

1 1 1 0 0 0 0 0 0 0 0 0 0 0 0 0 
0 1 1 1 0 0 0 0 0 0 0 0 0 0 0 0 
0 0 1 1 1 0 0 0 0 0 0 0 0 0 0 0 
0 0 0 1 1 1 0 0 0 0 0 0 0 0 0 0 
0 0 0 0 1 1 1 0 0 0 0 0 0 0 0 0 
0 0 0 0 0 1 1 1 0 0 0 0 0 0 0 0 
0 0 0 0 0 0 1 1 1 0 0 0 0 0 0 0 
0 0 0 0 0 0 0 1 1 1 0 0 0 0 0 0 
0 0 0 0 0 0 0 0 1 1 1 0 0 0 0 0 
0 0 0 0 0 0 0 0 0 1 1 1 0 0 0 0 
0 0 0 0 0 0 0 0 0 0 1 1 1 0 0 0 
0 0 0 0 0 0 0 0 0 0 0 1 1 1 0 0 
0 0 0 0 0 0 0 0 0 0 0 0 1 1 1 0 
0 0 0 0 0 0 0 0 0 0 0 0 0 1 1 1 
1 0 0 0 0 0 0 0 0 0 0 0 0 0 1 1 
1 1 0 0 0 0 0 0 0 0 0 0 0 0 0 1 

1 1 0 0 0 0 0 0 0 0 0 0 0 0 0 0 
0 1 1 0 0 0 0 0 0 0 0 0 0 0 0 0 
0 0 1 1 0 0 0 0 0 0 0 0 0 0 0 0 
0 0 0 1 1 0 0 0 0 0 0 0 0 0 0 0 
0 0 0 0 1 1 0 0 0 0 0 0 0 0 0 0 
0 0 0 0 0 1 1 0 0 0 0 0 0 0 0 0 
0 0 0 0 0 0 1 1 0 0 0 0 0 0 0 0 
0 0 0 0 0 0 0 1 1 0 0 0 0 0 0 0 
0 0 0 0 0 0 0 0 1 1 0 0 0 0 0 0 
0 0 0 0 0 0 0 0 0 1 1 0 0 0 0 0 
0 0 0 0 0 0 0 0 0 0 1 1 0 0 0 0 
0 0 0 0 0 0 0 0 0 0 0 1 1 0 0 0 
0 0 0 0 0 0 0 0 0 0 0 0 1 1 0 0 
0 0 0 0 0 0 0 0 0 0 0 0 0 1 1 0 
0 0 0 0 0 0 0 0 0 0 0 0 0 0 1 1 
1 0 0 0 0 0 0 0 0 0 0 0 0 0 0 1 

1 0 0 0 0 0 0 0 0 0 0 0 0 0 0 0 
0 1 0 0 0 0 0 0 0 0 0 0 0 0 0 0 
0 0 1 0 0 0 0 0 0 0 0 0 0 0 0 0 
0 0 0 1 0 0 0 0 0 0 0 0 0 0 0 0 
0 0 0 0 1 0 0 0 0 0 0 0 0 0 0 0 
0 0 0 0 0 1 0 0 0 0 0 0 0 0 0 0 
0 0 0 0 0 0 1 0 0 0 0 0 0 0 0 0 
0 0 0 0 0 0 0 1 0 0 0 0 0 0 0 0 
0 0 0 0 0 0 0 0 1 0 0 0 0 0 0 0 
0 0 0 0 0 0 0 0 0 1 0 0 0 0 0 0 
0 0 0 0 0 0 0 0 0 0 1 0 0 0 0 0 
0 0 0 0 0 0 0 0 0 0 0 1 0 0 0 0 
0 0 0 0 0 0 0 0 0 0 0 0 1 0 0 0 
0 0 0 0 0 0 0 0 0 0 0 0 0 1 0 0 
0 0 0 0 0 0 0 0 0 0 0 0 0 0 1 0 
0 0 0 0 0 0 0 0 0 0 0 0 0 0 0 1 

