Dim = 15
Support = 15

Elem = 2 15 15 15 15 15 15 15 15 15 15 15 15 15 15 
Type = 1 1 1 1 1 1 1 1 1 1 1 1 1 1 1 

0 0 0 0 0 0 0 0 0 0 0 0 0 0 0 
1 1 1 1 1 1 1 1 1 1 1 1 1 1 1 

1 1 1 1 1 1 1 1 1 1 1 1 1 1 0 
0 1 1 1 1 1 1 1 1 1 1 1 1 1 1 
1 0 1 1 1 1 1 1 1 1 1 1 1 1 1 
1 1 0 1 1 1 1 1 1 1 1 1 1 1 1 
1 1 1 0 1 1 1 1 1 1 1 1 1 1 1 
1 1 1 1 0 1 1 1 1 1 1 1 1 1 1 
1 1 1 1 1 0 1 1 1 1 1 1 1 1 1 
1 1 1 1 1 1 0 1 1 1 1 1 1 1 1 
1 1 1 1 1 1 1 0 1 1 1 1 1 1 1 
1 1 1 1 1 1 1 1 0 1 1 1 1 1 1 
1 1 1 1 1 1 1 1 1 0 1 1 1 1 1 
1 1 1 1 1 1 1 1 1 1 0 1 1 1 1 
1 1 1 1 1 1 1 1 1 1 1 0 1 1 1 
1 1 1 1 1 1 1 1 1 1 1 1 0 1 1 
1 1 1 1 1 1 1 1 1 1 1 1 1 0 1 

1 1 1 1 1 1 1 1 1 1 1 1 1 0 0 
0 1 1 1 1 1 1 1 1 1 1 1 1 1 0 
0 0 1 1 1 1 1 1 1 1 1 1 1 1 1 
1 0 0 1 1 1 1 1 1 1 1 1 1 1 1 
1 1 0 0 1 1 1 1 1 1 1 1 1 1 1 
1 1 1 0 0 1 1 1 1 1 1 1 1 1 1 
1 1 1 1 0 0 1 1 1 1 1 1 1 1 1 
1 1 1 1 1 0 0 1 1 1 1 1 1 1 1 
1 1 1 1 1 1 0 0 1 1 1 1 1 1 1 
1 1 1 1 1 1 1 0 0 1 1 1 1 1 1 
1 1 1 1 1 1 1 1 0 0 1 1 1 1 1 
1 1 1 1 1 1 1 1 1 0 0 1 1 1 1 
1 1 1 1 1 1 1 1 1 1 0 0 1 1 1 
1 1 1 1 1 1 1 1 1 1 1 0 0 1 1 
1 1 1 1 1 1 1 1 1 1 1 1 0 0 1 

1 1 1 1 1 1 1 1 1 1 1 1 0 0 0 
0 1 1 1 1 1 1 1 1 1 1 1 1 0 0 
0 0 1 1 1 1 1 1 1 1 1 1 1 1 0 
0 0 0 1 1 1 1 1 1 1 1 1 1 1 1 
1 0 0 0 1 1 1 1 1 1 1 1 1 1 1 
1 1 0 0 0 1 1 1 1 1 1 1 1 1 1 
1 1 1 0 0 0 1 1 1 1 1 1 1 1 1 
1 1 1 1 0 0 0 1 1 1 1 1 1 1 1 
1 1 1 1 1 0 0 0 1 1 1 1 1 1 1 
1 1 1 1 1 1 0 0 0 1 1 1 1 1 1 
1 1 1 1 1 1 1 0 0 0 1 1 1 1 1 
1 1 1 1 1 1 1 1 0 0 0 1 1 1 1 
1 1 1 1 1 1 1 1 1 0 0 0 1 1 1 
1 1 1 1 1 1 1 1 1 1 0 0 0 1 1 
1 1 1 1 1 1 1 1 1 1 1 0 0 0 1 

1 1 1 1 1 1 1 1 1 1 1 0 0 0 0 
0 1 1 1 1 1 1 1 1 1 1 1 0 0 0 
0 0 1 1 1 1 1 1 1 1 1 1 1 0 0 
0 0 0 1 1 1 1 1 1 1 1 1 1 1 0 
0 0 0 0 1 1 1 1 1 1 1 1 1 1 1 
1 0 0 0 0 1 1 1 1 1 1 1 1 1 1 
1 1 0 0 0 0 1 1 1 1 1 1 1 1 1 
1 1 1 0 0 0 0 1 1 1 1 1 1 1 1 
1 1 1 1 0 0 0 0 1 1 1 1 1 1 1 
1 1 1 1 1 0 0 0 0 1 1 1 1 1 1 
1 1 1 1 1 1 0 0 0 0 1 1 1 1 1 
1 1 1 1 1 1 1 0 0 0 0 1 1 1 1 
1 1 1 1 1 1 1 1 0 0 0 0 1 1 1 
1 1 1 1 1 1 1 1 1 0 0 0 0 1 1 
1 1 1 1 1 1 1 1 1 1 0 0 0 0 1 

1 1 1 1 1 1 1 1 1 1 0 0 0 0 0 
0 1 1 1 1 1 1 1 1 1 1 0 0 0 0 
0 0 1 1 1 1 1 1 1 1 1 1 0 0 0 
0 0 0 1 1 1 1 1 1 1 1 1 1 0 0 
0 0 0 0 1 1 1 1 1 1 1 1 1 1 0 
0 0 0 0 0 1 1 1 1 1 1 1 1 1 1 
1 0 0 0 0 0 1 1 1 1 1 1 1 1 1 
1 1 0 0 0 0 0 1 1 1 1 1 1 1 1 
1 1 1 0 0 0 0 0 1 1 1 1 1 1 1 
1 1 1 1 0 0 0 0 0 1 1 1 1 1 1 
1 1 1 1 1 0 0 0 0 0 1 1 1 1 1 
1 1 1 1 1 1 0 0 0 0 0 1 1 1 1 
1 1 1 1 1 1 1 0 0 0 0 0 1 1 1 
1 1 1 1 1 1 1 1 0 0 0 0 0 1 1 
1 1 1 1 1 1 1 1 1 0 0 0 0 0 1 

1 1 1 1 1 1 1 1 1 0 0 0 0 0 0 
0 1 1 1 1 1 1 1 1 1 0 0 0 0 0 
0 0 1 1 1 1 1 1 1 1 1 0 0 0 0 
0 0 0 1 1 1 1 1 1 1 1 1 0 0 0 
0 0 0 0 1 1 1 1 1 1 1 1 1 0 0 
0 0 0 0 0 1 1 1 1 1 1 1 1 1 0 
0 0 0 0 0 0 1 1 1 1 1 1 1 1 1 
1 0 0 0 0 0 0 1 1 1 1 1 1 1 1 
1 1 0 0 0 0 0 0 1 1 1 1 1 1 1 
1 1 1 0 0 0 0 0 0 1 1 1 1 1 1 
1 1 1 1 0 0 0 0 0 0 1 1 1 1 1 
1 1 1 1 1 0 0 0 0 0 0 1 1 1 1 
1 1 1 1 1 1 0 0 0 0 0 0 1 1 1 
1 1 1 1 1 1 1 0 0 0 0 0 0 1 1 
1 1 1 1 1 1 1 1 0 0 0 0 0 0 1 

1 1 1 1 1 1 1 1 0 0 0 0 0 0 0 
0 1 1 1 1 1 1 1 1 0 0 0 0 0 0 
0 0 1 1 1 1 1 1 1 1 0 0 0 0 0 
0 0 0 1 1 1 1 1 1 1 1 0 0 0 0 
0 0 0 0 1 1 1 1 1 1 1 1 0 0 0 
0 0 0 0 0 1 1 1 1 1 1 1 1 0 0 
0 0 0 0 0 0 1 1 1 1 1 1 1 1 0 
0 0 0 0 0 0 0 1 1 1 1 1 1 1 1 
1 0 0 0 0 0 0 0 1 1 1 1 1 1 1 
1 1 0 0 0 0 0 0 0 1 1 1 1 1 1 
1 1 1 0 0 0 0 0 0 0 1 1 1 1 1 
1 1 1 1 0 0 0 0 0 0 0 1 1 1 1 
1 1 1 1 1 0 0 0 0 0 0 0 1 1 1 
1 1 1 1 1 1 0 0 0 0 0 0 0 1 1 
1 1 1 1 1 1 1 0 0 0 0 0 0 0 1 

1 1 1 1 1 1 1 0 0 0 0 0 0 0 0 
0 1 1 1 1 1 1 1 0 0 0 0 0 0 0 
0 0 1 1 1 1 1 1 1 0 0 0 0 0 0 
0 0 0 1 1 1 1 1 1 1 0 0 0 0 0 
0 0 0 0 1 1 1 1 1 1 1 0 0 0 0 
0 0 0 0 0 1 1 1 1 1 1 1 0 0 0 
0 0 0 0 0 0 1 1 1 1 1 1 1 0 0 
0 0 0 0 0 0 0 1 1 1 1 1 1 1 0 
0 0 0 0 0 0 0 0 1 1 1 1 1 1 1 
1 0 0 0 0 0 0 0 0 1 1 1 1 1 1 
1 1 0 0 0 0 0 0 0 0 1 1 1 1 1 
1 1 1 0 0 0 0 0 0 0 0 1 1 1 1 
1 1 1 1 0 0 0 0 0 0 0 0 1 1 1 
1 1 1 1 1 0 0 0 0 0 0 0 0 1 1 
1 1 1 1 1 1 0 0 0 0 0 0 0 0 1 

1 1 1 1 1 1 0 0 0 0 0 0 0 0 0 
0 1 1 1 1 1 1 0 0 0 0 0 0 0 0 
0 0 1 1 1 1 1 1 0 0 0 0 0 0 0 
0 0 0 1 1 1 1 1 1 0 0 0 0 0 0 
0 0 0 0 1 1 1 1 1 1 0 0 0 0 0 
0 0 0 0 0 1 1 1 1 1 1 0 0 0 0 
0 0 0 0 0 0 1 1 1 1 1 1 0 0 0 
0 0 0 0 0 0 0 1 1 1 1 1 1 0 0 
0 0 0 0 0 0 0 0 1 1 1 1 1 1 0 
0 0 0 0 0 0 0 0 0 1 1 1 1 1 1 
1 0 0 0 0 0 0 0 0 0 1 1 1 1 1 
1 1 0 0 0 0 0 0 0 0 0 1 1 1 1 
1 1 1 0 0 0 0 0 0 0 0 0 1 1 1 
1 1 1 1 0 0 0 0 0 0 0 0 0 1 1 
1 1 1 1 1 0 0 0 0 0 0 0 0 0 1 

1 1 1 1 1 0 0 0 0 0 0 0 0 0 0 
0 1 1 1 1 1 0 0 0 0 0 0 0 0 0 
0 0 1 1 1 1 1 0 0 0 0 0 0 0 0 
0 0 0 1 1 1 1 1 0 0 0 0 0 0 0 
0 0 0 0 1 1 1 1 1 0 0 0 0 0 0 
0 0 0 0 0 1 1 1 1 1 0 0 0 0 0 
0 0 0 0 0 0 1 1 1 1 1 0 0 0 0 
0 0 0 0 0 0 0 1 1 1 1 1 0 0 0 
0 0 0 0 0 0 0 0 1 1 1 1 1 0 0 
0 0 0 0 0 0 0 0 0 1 1 1 1 1 0 
0 0 0 0 0 0 0 0 0 0 1 1 1 1 1 
1 0 0 0 0 0 0 0 0 0 0 1 1 1 1 
1 1 0 0 0 0 0 0 0 0 0 0 1 1 1 
1 1 1 0 0 0 0 0 0 0 0 0 0 1 1 
1 1 1 1 0 0 0 0 0 0 0 0 0 0 1 

1 1 1 1 0 0 0 0 0 0 0 0 0 0 0 
0 1 1 1 1 0 0 0 0 0 0 0 0 0 0 
0 0 1 1 1 1 0 0 0 0 0 0 0 0 0 
0 0 0 1 1 1 1 0 0 0 0 0 0 0 0 
0 0 0 0 1 1 1 1 0 0 0 0 0 0 0 
0 0 0 0 0 1 1 1 1 0 0 0 0 0 0 
0 0 0 0 0 0 1 1 1 1 0 0 0 0 0 
0 0 0 0 0 0 0 1 1 1 1 0 0 0 0 
0 0 0 0 0 0 0 0 1 1 1 1 0 0 0 
0 0 0 0 0 0 0 0 0 1 1 1 1 0 0 
0 0 0 0 0 0 0 0 0 0 1 1 1 1 0 
0 0 0 0 0 0 0 0 0 0 0 1 1 1 1 
1 0 0 0 0 0 0 0 0 0 0 0 1 1 1 
1 1 0 0 0 0 0 0 0 0 0 0 0 1 1 
1 1 1 0 0 0 0 0 0 0 0 0 0 0 1 

1 1 1 0 0 0 0 0 0 0 0 0 0 0 0 
0 1 1 1 0 0 0 0 0 0 0 0 0 0 0 
0 0 1 1 1 0 0 0 0 0 0 0 0 0 0 
0 0 0 1 1 1 0 0 0 0 0 0 0 0 0 
0 0 0 0 1 1 1 0 0 0 0 0 0 0 0 
0 0 0 0 0 1 1 1 0 0 0 0 0 0 0 
0 0 0 0 0 0 1 1 1 0 0 0 0 0 0 
0 0 0 0 0 0 0 1 1 1 0 0 0 0 0 
0 0 0 0 0 0 0 0 1 1 1 0 0 0 0 
0 0 0 0 0 0 0 0 0 1 1 1 0 0 0 
0 0 0 0 0 0 0 0 0 0 1 1 1 0 0 
0 0 0 0 0 0 0 0 0 0 0 1 1 1 0 
0 0 0 0 0 0 0 0 0 0 0 0 1 1 1 
1 0 0 0 0 0 0 0 0 0 0 0 0 1 1 
1 1 0 0 0 0 0 0 0 0 0 0 0 0 1 

1 1 0 0 0 0 0 0 0 0 0 0 0 0 0 
0 1 1 0 0 0 0 0 0 0 0 0 0 0 0 
0 0 1 1 0 0 0 0 0 0 0 0 0 0 0 
0 0 0 1 1 0 0 0 0 0 0 0 0 0 0 
0 0 0 0 1 1 0 0 0 0 0 0 0 0 0 
0 0 0 0 0 1 1 0 0 0 0 0 0 0 0 
0 0 0 0 0 0 1 1 0 0 0 0 0 0 0 
0 0 0 0 0 0 0 1 1 0 0 0 0 0 0 
0 0 0 0 0 0 0 0 1 1 0 0 0 0 0 
0 0 0 0 0 0 0 0 0 1 1 0 0 0 0 
0 0 0 0 0 0 0 0 0 0 1 1 0 0 0 
0 0 0 0 0 0 0 0 0 0 0 1 1 0 0 
0 0 0 0 0 0 0 0 0 0 0 0 1 1 0 
0 0 0 0 0 0 0 0 0 0 0 0 0 1 1 
1 0 0 0 0 0 0 0 0 0 0 0 0 0 1 

1 0 0 0 0 0 0 0 0 0 0 0 0 0 0 
0 1 0 0 0 0 0 0 0 0 0 0 0 0 0 
0 0 1 0 0 0 0 0 0 0 0 0 0 0 0 
0 0 0 1 0 0 0 0 0 0 0 0 0 0 0 
0 0 0 0 1 0 0 0 0 0 0 0 0 0 0 
0 0 0 0 0 1 0 0 0 0 0 0 0 0 0 
0 0 0 0 0 0 1 0 0 0 0 0 0 0 0 
0 0 0 0 0 0 0 1 0 0 0 0 0 0 0 
0 0 0 0 0 0 0 0 1 0 0 0 0 0 0 
0 0 0 0 0 0 0 0 0 1 0 0 0 0 0 
0 0 0 0 0 0 0 0 0 0 1 0 0 0 0 
0 0 0 0 0 0 0 0 0 0 0 1 0 0 0 
0 0 0 0 0 0 0 0 0 0 0 0 1 0 0 
0 0 0 0 0 0 0 0 0 0 0 0 0 1 0 
0 0 0 0 0 0 0 0 0 0 0 0 0 0 1 

